Profile11.txt
1.00000 0.00128
0.99975 0.00138
0.99899 0.00167
0.99774 0.00215
0.99598 0.00281
0.99372 0.00363
0.99096 0.00461
0.98771 0.00571
0.98397 0.00693
0.97975 0.00824
0.97504 0.00962
0.96985 0.01107
0.96418 0.01255
0.95805 0.01405
0.95146 0.01557
0.94442 0.01709
0.93692 0.01861
0.92899 0.02012
0.92063 0.02163
0.91184 0.02314
0.90264 0.02464
0.89303 0.02615
0.88302 0.02767
0.87263 0.02922
0.86187 0.03078
0.85074 0.03238
0.83925 0.03401
0.82743 0.03568
0.81528 0.03739
0.80280 0.03914
0.79003 0.04091
0.77696 0.04272
0.76361 0.04454
0.75000 0.04637
0.73614 0.04821
0.72203 0.05003
0.70771 0.05183
0.69317 0.05360
0.67844 0.05532
0.66353 0.05699
0.64846 0.05859
0.63324 0.06013
0.61788 0.06159
0.60240 0.06297
0.58682 0.06426
0.57116 0.06547
0.55542 0.06659
0.53962 0.06763
0.52379 0.06857
0.50793 0.06943
0.49207 0.07020
0.47621 0.07089
0.46038 0.07148
0.44458 0.07198
0.42884 0.07239
0.41318 0.07269
0.39760 0.07290
0.38212 0.07300
0.36676 0.07299
0.35154 0.07287
0.33647 0.07262
0.32156 0.07225
0.30683 0.07174
0.29229 0.07111
0.27797 0.07035
0.26386 0.06945
0.25000 0.06843
0.23639 0.06728
0.22304 0.06601
0.20997 0.06462
0.19720 0.06312
0.18472 0.06152
0.17257 0.05983
0.16075 0.05806
0.14926 0.05621
0.13813 0.05430
0.12737 0.05233
0.11698 0.05032
0.10697 0.04826
0.09736 0.04616
0.08816 0.04404
0.07937 0.04188
0.07101 0.03971
0.06308 0.03751
0.05558 0.03530
0.04854 0.03307
0.04195 0.03082
0.03582 0.02855
0.03015 0.02627
0.02496 0.02397
0.02025 0.02165
0.01603 0.01931
0.01229 0.01696
0.00904 0.01459
0.00628 0.01220
0.00402 0.00979
0.00226 0.00737
0.00101 0.00493
0.00025 0.00247
0.00000 0.00000
0.00025 -0.00265
0.00101 -0.00510
0.00226 -0.00735
0.00402 -0.00939
0.00628 -0.01124
0.00904 -0.01289
0.01229 -0.01435
0.01603 -0.01563
0.02025 -0.01671
0.02496 -0.01762
0.03015 -0.01836
0.03582 -0.01893
0.04195 -0.01934
0.04854 -0.01960
0.05558 -0.01971
0.06308 -0.01968
0.07101 -0.01953
0.07937 -0.01925
0.08816 -0.01887
0.09736 -0.01838
0.10697 -0.01779
0.11698 -0.01712
0.12737 -0.01638
0.13813 -0.01556
0.14926 -0.01469
0.16075 -0.01377
0.17257 -0.01281
0.18472 -0.01181
0.19720 -0.01078
0.20997 -0.00974
0.22304 -0.00869
0.23639 -0.00764
0.25000 -0.00658
0.26386 -0.00554
0.27797 -0.00451
0.29229 -0.00350
0.30683 -0.00252
0.32156 -0.00157
0.33647 -0.00065
0.35154 0.00023
0.36676 0.00107
0.38212 0.00186
0.39760 0.00261
0.41318 0.00330
0.42884 0.00395
0.44458 0.00454
0.46038 0.00508
0.47621 0.00557
0.49207 0.00600
0.50793 0.00637
0.52379 0.00669
0.53962 0.00695
0.55542 0.00716
0.57116 0.00732
0.58682 0.00742
0.60240 0.00748
0.61788 0.00748
0.63324 0.00743
0.64846 0.00734
0.66353 0.00721
0.67844 0.00703
0.69317 0.00681
0.70771 0.00656
0.72203 0.00627
0.73614 0.00594
0.75000 0.00559
0.76361 0.00521
0.77696 0.00480
0.79003 0.00437
0.80280 0.00391
0.81528 0.00344
0.82743 0.00296
0.83925 0.00246
0.85074 0.00195
0.86187 0.00144
0.87263 0.00092
0.88302 0.00040
0.89303 -0.00012
0.90264 -0.00064
0.91184 -0.00114
0.92063 -0.00164
0.92899 -0.00213
0.93692 -0.00261
0.94442 -0.00307
0.95146 -0.00351
0.95805 -0.00393
0.96418 -0.00433
0.96985 -0.00471
0.97504 -0.00505
0.97975 -0.00537
0.98397 -0.00566
0.98771 -0.00593
0.99096 -0.00615
0.99372 -0.00635
0.99598 -0.00651
0.99774 -0.00663
0.99899 -0.00673
0.99975 -0.00678
1.00000 -0.00680
