Profile20.txt
1.00000 0.00969
0.99975 0.00989
0.99899 0.01049
0.99774 0.01148
0.99598 0.01285
0.99372 0.01457
0.99096 0.01663
0.98771 0.01899
0.98397 0.02163
0.97975 0.02451
0.97504 0.02760
0.96985 0.03086
0.96418 0.03427
0.95805 0.03777
0.95146 0.04135
0.94442 0.04497
0.93692 0.04860
0.92899 0.05223
0.92063 0.05583
0.91184 0.05939
0.90264 0.06290
0.89303 0.06635
0.88302 0.06974
0.87263 0.07307
0.86187 0.07634
0.85074 0.07955
0.83925 0.08272
0.82743 0.08585
0.81528 0.08895
0.80280 0.09201
0.79003 0.09506
0.77696 0.09808
0.76361 0.10108
0.75000 0.10405
0.73614 0.10699
0.72203 0.10989
0.70771 0.11273
0.69317 0.11551
0.67844 0.11821
0.66353 0.12081
0.64846 0.12330
0.63324 0.12566
0.61788 0.12787
0.60240 0.12993
0.58682 0.13182
0.57116 0.13353
0.55542 0.13507
0.53962 0.13642
0.52379 0.13759
0.50793 0.13859
0.49207 0.13941
0.47621 0.14007
0.46038 0.14058
0.44458 0.14094
0.42884 0.14116
0.41318 0.14126
0.39760 0.14123
0.38212 0.14108
0.36676 0.14082
0.35154 0.14042
0.33647 0.13990
0.32156 0.13924
0.30683 0.13844
0.29229 0.13746
0.27797 0.13632
0.26386 0.13498
0.25000 0.13344
0.23639 0.13168
0.22304 0.12970
0.20997 0.12750
0.19720 0.12506
0.18472 0.12240
0.17257 0.11952
0.16075 0.11644
0.14926 0.11318
0.13813 0.10975
0.12737 0.10619
0.11698 0.10252
0.10697 0.09877
0.09736 0.09496
0.08816 0.09112
0.07937 0.08727
0.07101 0.08342
0.06308 0.07959
0.05558 0.07576
0.04854 0.07194
0.04195 0.06811
0.03582 0.06424
0.03015 0.06031
0.02496 0.05627
0.02025 0.05208
0.01603 0.04769
0.01229 0.04306
0.00904 0.03814
0.00628 0.03287
0.00402 0.02720
0.00226 0.02112
0.00101 0.01457
0.00025 0.00753
0.00000 0.00000
0.00025 -0.00245
0.00101 -0.00497
0.00226 -0.00755
0.00402 -0.01020
0.00628 -0.01291
0.00904 -0.01567
0.01229 -0.01848
0.01603 -0.02132
0.02025 -0.02420
0.02496 -0.02710
0.03015 -0.03001
0.03582 -0.03292
0.04195 -0.03581
0.04854 -0.03869
0.05558 -0.04153
0.06308 -0.04433
0.07101 -0.04708
0.07937 -0.04976
0.08816 -0.05237
0.09736 -0.05489
0.10697 -0.05732
0.11698 -0.05964
0.12737 -0.06186
0.13813 -0.06397
0.14926 -0.06595
0.16075 -0.06781
0.17257 -0.06954
0.18472 -0.07114
0.19720 -0.07261
0.20997 -0.07395
0.22304 -0.07516
0.23639 -0.07623
0.25000 -0.07718
0.26386 -0.07801
0.27797 -0.07872
0.29229 -0.07931
0.30683 -0.07979
0.32156 -0.08016
0.33647 -0.08043
0.35154 -0.08061
0.36676 -0.08070
0.38212 -0.08071
0.39760 -0.08064
0.41318 -0.08050
0.42884 -0.08029
0.44458 -0.08002
0.46038 -0.07969
0.47621 -0.07930
0.49207 -0.07886
0.50793 -0.07837
0.52379 -0.07783
0.53962 -0.07725
0.55542 -0.07661
0.57116 -0.07593
0.58682 -0.07520
0.60240 -0.07442
0.61788 -0.07358
0.63324 -0.07269
0.64846 -0.07175
0.66353 -0.07075
0.67844 -0.06968
0.69317 -0.06855
0.70771 -0.06736
0.72203 -0.06609
0.73614 -0.06476
0.75000 -0.06335
0.76361 -0.06187
0.77696 -0.06032
0.79003 -0.05870
0.80280 -0.05700
0.81528 -0.05524
0.82743 -0.05341
0.83925 -0.05152
0.85074 -0.04958
0.86187 -0.04758
0.87263 -0.04555
0.88302 -0.04347
0.89303 -0.04137
0.90264 -0.03926
0.91184 -0.03714
0.92063 -0.03503
0.92899 -0.03293
0.93692 -0.03086
0.94442 -0.02883
0.95146 -0.02686
0.95805 -0.02495
0.96418 -0.02313
0.96985 -0.02139
0.97504 -0.01977
0.97975 -0.01825
0.98397 -0.01687
0.98771 -0.01562
0.99096 -0.01452
0.99372 -0.01357
0.99598 -0.01278
0.99774 -0.01217
0.99899 -0.01172
0.99975 -0.01145
1.00000 -0.01136
