Profile16.txt
1.00000 -0.00043
0.99975 -0.00036
0.99899 -0.00015
0.99774 0.00019
0.99598 0.00067
0.99372 0.00128
0.99096 0.00202
0.98771 0.00288
0.98397 0.00386
0.97975 0.00496
0.97504 0.00617
0.96985 0.00748
0.96418 0.00890
0.95805 0.01041
0.95146 0.01202
0.94442 0.01371
0.93692 0.01549
0.92899 0.01736
0.92063 0.01930
0.91184 0.02131
0.90264 0.02340
0.89303 0.02555
0.88302 0.02776
0.87263 0.03002
0.86187 0.03233
0.85074 0.03468
0.83925 0.03707
0.82743 0.03948
0.81528 0.04191
0.80280 0.04435
0.79003 0.04679
0.77696 0.04923
0.76361 0.05165
0.75000 0.05404
0.73614 0.05641
0.72203 0.05874
0.70771 0.06102
0.69317 0.06326
0.67844 0.06544
0.66353 0.06757
0.64846 0.06964
0.63324 0.07165
0.61788 0.07360
0.60240 0.07547
0.58682 0.07728
0.57116 0.07901
0.55542 0.08067
0.53962 0.08224
0.52379 0.08372
0.50793 0.08511
0.49207 0.08640
0.47621 0.08757
0.46038 0.08863
0.44458 0.08955
0.42884 0.09034
0.41318 0.09098
0.39760 0.09147
0.38212 0.09179
0.36676 0.09194
0.35154 0.09191
0.33647 0.09170
0.32156 0.09131
0.30683 0.09074
0.29229 0.08998
0.27797 0.08904
0.26386 0.08792
0.25000 0.08663
0.23639 0.08517
0.22304 0.08355
0.20997 0.08178
0.19720 0.07987
0.18472 0.07782
0.17257 0.07565
0.16075 0.07335
0.14926 0.07094
0.13813 0.06843
0.12737 0.06581
0.11698 0.06310
0.10697 0.06030
0.09736 0.05742
0.08816 0.05447
0.07937 0.05144
0.07101 0.04836
0.06308 0.04522
0.05558 0.04204
0.04854 0.03883
0.04195 0.03561
0.03582 0.03238
0.03015 0.02918
0.02496 0.02600
0.02025 0.02288
0.01603 0.01983
0.01229 0.01687
0.00904 0.01401
0.00628 0.01128
0.00402 0.00870
0.00226 0.00627
0.00101 0.00400
0.00025 0.00191
0.00000 0.00000
0.00025 -0.00360
0.00101 -0.00697
0.00226 -0.01014
0.00402 -0.01308
0.00628 -0.01581
0.00904 -0.01832
0.01229 -0.02063
0.01603 -0.02274
0.02025 -0.02464
0.02496 -0.02635
0.03015 -0.02787
0.03582 -0.02921
0.04195 -0.03037
0.04854 -0.03136
0.05558 -0.03220
0.06308 -0.03288
0.07101 -0.03341
0.07937 -0.03382
0.08816 -0.03409
0.09736 -0.03424
0.10697 -0.03429
0.11698 -0.03423
0.12737 -0.03407
0.13813 -0.03383
0.14926 -0.03351
0.16075 -0.03312
0.17257 -0.03267
0.18472 -0.03215
0.19720 -0.03159
0.20997 -0.03098
0.22304 -0.03034
0.23639 -0.02966
0.25000 -0.02895
0.26386 -0.02821
0.27797 -0.02746
0.29229 -0.02669
0.30683 -0.02591
0.32156 -0.02512
0.33647 -0.02432
0.35154 -0.02352
0.36676 -0.02272
0.38212 -0.02191
0.39760 -0.02111
0.41318 -0.02031
0.42884 -0.01952
0.44458 -0.01873
0.46038 -0.01795
0.47621 -0.01718
0.49207 -0.01641
0.50793 -0.01566
0.52379 -0.01492
0.53962 -0.01419
0.55542 -0.01347
0.57116 -0.01277
0.58682 -0.01208
0.60240 -0.01141
0.61788 -0.01075
0.63324 -0.01011
0.64846 -0.00949
0.66353 -0.00889
0.67844 -0.00831
0.69317 -0.00776
0.70771 -0.00722
0.72203 -0.00671
0.73614 -0.00622
0.75000 -0.00576
0.76361 -0.00532
0.77696 -0.00491
0.79003 -0.00453
0.80280 -0.00417
0.81528 -0.00384
0.82743 -0.00354
0.83925 -0.00327
0.85074 -0.00302
0.86187 -0.00280
0.87263 -0.00260
0.88302 -0.00243
0.89303 -0.00228
0.90264 -0.00216
0.91184 -0.00205
0.92063 -0.00197
0.92899 -0.00190
0.93692 -0.00186
0.94442 -0.00182
0.95146 -0.00180
0.95805 -0.00179
0.96418 -0.00180
0.96985 -0.00180
0.97504 -0.00182
0.97975 -0.00184
0.98397 -0.00186
0.98771 -0.00189
0.99096 -0.00191
0.99372 -0.00193
0.99598 -0.00195
0.99774 -0.00197
0.99899 -0.00198
0.99975 -0.00199
1.00000 -0.00199
