Profile29.txt
1.00000 0.00837
0.99975 0.00861
0.99899 0.00933
0.99774 0.01052
0.99598 0.01217
0.99372 0.01424
0.99096 0.01670
0.98771 0.01953
0.98397 0.02268
0.97975 0.02610
0.97504 0.02976
0.96985 0.03361
0.96418 0.03759
0.95805 0.04166
0.95146 0.04578
0.94442 0.04992
0.93692 0.05402
0.92899 0.05806
0.92063 0.06200
0.91184 0.06583
0.90264 0.06952
0.89303 0.07307
0.88302 0.07645
0.87263 0.07967
0.86187 0.08272
0.85074 0.08561
0.83925 0.08834
0.82743 0.09093
0.81528 0.09338
0.80280 0.09571
0.79003 0.09792
0.77696 0.10003
0.76361 0.10206
0.75000 0.10401
0.73614 0.10590
0.72203 0.10773
0.70771 0.10952
0.69317 0.11125
0.67844 0.11295
0.66353 0.11460
0.64846 0.11620
0.63324 0.11776
0.61788 0.11927
0.60240 0.12071
0.58682 0.12209
0.57116 0.12338
0.55542 0.12459
0.53962 0.12570
0.52379 0.12670
0.50793 0.12758
0.49207 0.12834
0.47621 0.12896
0.46038 0.12944
0.44458 0.12977
0.42884 0.12995
0.41318 0.12998
0.39760 0.12986
0.38212 0.12959
0.36676 0.12917
0.35154 0.12860
0.33647 0.12789
0.32156 0.12704
0.30683 0.12607
0.29229 0.12497
0.27797 0.12375
0.26386 0.12242
0.25000 0.12098
0.23639 0.11943
0.22304 0.11778
0.20997 0.11604
0.19720 0.11418
0.18472 0.11223
0.17257 0.11016
0.16075 0.10798
0.14926 0.10569
0.13813 0.10326
0.12737 0.10070
0.11698 0.09800
0.10697 0.09514
0.09736 0.09213
0.08816 0.08895
0.07937 0.08560
0.07101 0.08207
0.06308 0.07837
0.05558 0.07449
0.04854 0.07043
0.04195 0.06620
0.03582 0.06180
0.03015 0.05725
0.02496 0.05255
0.02025 0.04771
0.01603 0.04274
0.01229 0.03767
0.00904 0.03249
0.00628 0.02723
0.00402 0.02190
0.00226 0.01650
0.00101 0.01105
0.00025 0.00554
0.00000 0.00000
0.00025 -0.00329
0.00101 -0.00653
0.00226 -0.00970
0.00402 -0.01281
0.00628 -0.01586
0.00904 -0.01883
0.01229 -0.02174
0.01603 -0.02456
0.02025 -0.02730
0.02496 -0.02995
0.03015 -0.03251
0.03582 -0.03497
0.04195 -0.03732
0.04854 -0.03957
0.05558 -0.04171
0.06308 -0.04373
0.07101 -0.04562
0.07937 -0.04740
0.08816 -0.04905
0.09736 -0.05057
0.10697 -0.05197
0.11698 -0.05323
0.12737 -0.05438
0.13813 -0.05539
0.14926 -0.05629
0.16075 -0.05707
0.17257 -0.05774
0.18472 -0.05830
0.19720 -0.05876
0.20997 -0.05913
0.22304 -0.05942
0.23639 -0.05963
0.25000 -0.05978
0.26386 -0.05987
0.27797 -0.05992
0.29229 -0.05992
0.30683 -0.05990
0.32156 -0.05987
0.33647 -0.05982
0.35154 -0.05977
0.36676 -0.05974
0.38212 -0.05971
0.39760 -0.05971
0.41318 -0.05974
0.42884 -0.05979
0.44458 -0.05989
0.46038 -0.06002
0.47621 -0.06019
0.49207 -0.06039
0.50793 -0.06064
0.52379 -0.06091
0.53962 -0.06122
0.55542 -0.06155
0.57116 -0.06191
0.58682 -0.06228
0.60240 -0.06265
0.61788 -0.06302
0.63324 -0.06338
0.64846 -0.06372
0.66353 -0.06403
0.67844 -0.06430
0.69317 -0.06452
0.70771 -0.06469
0.72203 -0.06479
0.73614 -0.06481
0.75000 -0.06475
0.76361 -0.06460
0.77696 -0.06436
0.79003 -0.06402
0.80280 -0.06358
0.81528 -0.06303
0.82743 -0.06238
0.83925 -0.06162
0.85074 -0.06076
0.86187 -0.05980
0.87263 -0.05875
0.88302 -0.05761
0.89303 -0.05640
0.90264 -0.05511
0.91184 -0.05376
0.92063 -0.05237
0.92899 -0.05094
0.93692 -0.04949
0.94442 -0.04803
0.95146 -0.04658
0.95805 -0.04514
0.96418 -0.04374
0.96985 -0.04239
0.97504 -0.04110
0.97975 -0.03989
0.98397 -0.03877
0.98771 -0.03774
0.99096 -0.03684
0.99372 -0.03605
0.99598 -0.03539
0.99774 -0.03487
0.99899 -0.03450
0.99975 -0.03427
1.00000 -0.03420
