Profile22.txt
1.00000 0.00336
0.99975 0.00345
0.99899 0.00369
0.99774 0.00410
0.99598 0.00466
0.99372 0.00537
0.99096 0.00623
0.98771 0.00723
0.98397 0.00835
0.97975 0.00959
0.97504 0.01094
0.96985 0.01239
0.96418 0.01394
0.95805 0.01558
0.95146 0.01729
0.94442 0.01908
0.93692 0.02094
0.92899 0.02287
0.92063 0.02486
0.91184 0.02691
0.90264 0.02902
0.89303 0.03118
0.88302 0.03340
0.87263 0.03567
0.86187 0.03799
0.85074 0.04035
0.83925 0.04275
0.82743 0.04519
0.81528 0.04765
0.80280 0.05013
0.79003 0.05262
0.77696 0.05512
0.76361 0.05760
0.75000 0.06007
0.73614 0.06251
0.72203 0.06490
0.70771 0.06725
0.69317 0.06953
0.67844 0.07175
0.66353 0.07388
0.64846 0.07593
0.63324 0.07788
0.61788 0.07972
0.60240 0.08146
0.58682 0.08307
0.57116 0.08457
0.55542 0.08594
0.53962 0.08717
0.52379 0.08827
0.50793 0.08923
0.49207 0.09005
0.47621 0.09072
0.46038 0.09124
0.44458 0.09161
0.42884 0.09183
0.41318 0.09190
0.39760 0.09183
0.38212 0.09160
0.36676 0.09122
0.35154 0.09071
0.33647 0.09005
0.32156 0.08926
0.30683 0.08833
0.29229 0.08729
0.27797 0.08611
0.26386 0.08483
0.25000 0.08343
0.23639 0.08192
0.22304 0.08030
0.20997 0.07857
0.19720 0.07674
0.18472 0.07479
0.17257 0.07273
0.16075 0.07056
0.14926 0.06827
0.13813 0.06585
0.12737 0.06330
0.11698 0.06062
0.10697 0.05781
0.09736 0.05486
0.08816 0.05179
0.07937 0.04859
0.07101 0.04528
0.06308 0.04188
0.05558 0.03840
0.04854 0.03488
0.04195 0.03132
0.03582 0.02778
0.03015 0.02429
0.02496 0.02087
0.02025 0.01759
0.01603 0.01447
0.01229 0.01156
0.00904 0.00890
0.00628 0.00653
0.00402 0.00448
0.00226 0.00278
0.00101 0.00145
0.00025 0.00052
0.00000 0.00000
0.00025 -0.00314
0.00101 -0.00601
0.00226 -0.00860
0.00402 -0.01092
0.00628 -0.01297
0.00904 -0.01475
0.01229 -0.01628
0.01603 -0.01755
0.02025 -0.01858
0.02496 -0.01937
0.03015 -0.01993
0.03582 -0.02028
0.04195 -0.02043
0.04854 -0.02038
0.05558 -0.02014
0.06308 -0.01974
0.07101 -0.01918
0.07937 -0.01848
0.08816 -0.01765
0.09736 -0.01670
0.10697 -0.01564
0.11698 -0.01450
0.12737 -0.01327
0.13813 -0.01198
0.14926 -0.01064
0.16075 -0.00925
0.17257 -0.00783
0.18472 -0.00639
0.19720 -0.00495
0.20997 -0.00350
0.22304 -0.00206
0.23639 -0.00064
0.25000 0.00076
0.26386 0.00213
0.27797 0.00345
0.29229 0.00473
0.30683 0.00597
0.32156 0.00715
0.33647 0.00827
0.35154 0.00933
0.36676 0.01033
0.38212 0.01126
0.39760 0.01213
0.41318 0.01292
0.42884 0.01365
0.44458 0.01431
0.46038 0.01489
0.47621 0.01540
0.49207 0.01585
0.50793 0.01622
0.52379 0.01653
0.53962 0.01676
0.55542 0.01693
0.57116 0.01704
0.58682 0.01707
0.60240 0.01705
0.61788 0.01696
0.63324 0.01682
0.64846 0.01661
0.66353 0.01635
0.67844 0.01603
0.69317 0.01566
0.70771 0.01523
0.72203 0.01476
0.73614 0.01424
0.75000 0.01368
0.76361 0.01307
0.77696 0.01242
0.79003 0.01174
0.80280 0.01102
0.81528 0.01027
0.82743 0.00950
0.83925 0.00870
0.85074 0.00788
0.86187 0.00704
0.87263 0.00619
0.88302 0.00533
0.89303 0.00446
0.90264 0.00360
0.91184 0.00274
0.92063 0.00188
0.92899 0.00104
0.93692 0.00022
0.94442 -0.00058
0.95146 -0.00135
0.95805 -0.00210
0.96418 -0.00281
0.96985 -0.00348
0.97504 -0.00410
0.97975 -0.00468
0.98397 -0.00521
0.98771 -0.00568
0.99096 -0.00610
0.99372 -0.00645
0.99598 -0.00675
0.99774 -0.00698
0.99899 -0.00715
0.99975 -0.00725
1.00000 -0.00728
