Profile1.txt
1.00000 -0.00036
0.99975 -0.00028
0.99899 -0.00006
0.99774 0.00031
0.99598 0.00083
0.99372 0.00148
0.99096 0.00227
0.98771 0.00319
0.98397 0.00423
0.97975 0.00539
0.97504 0.00666
0.96985 0.00803
0.96418 0.00950
0.95805 0.01107
0.95146 0.01272
0.94442 0.01446
0.93692 0.01628
0.92899 0.01817
0.92063 0.02013
0.91184 0.02217
0.90264 0.02427
0.89303 0.02643
0.88302 0.02865
0.87263 0.03092
0.86187 0.03325
0.85074 0.03561
0.83925 0.03802
0.82743 0.04046
0.81528 0.04292
0.80280 0.04539
0.79003 0.04788
0.77696 0.05036
0.76361 0.05283
0.75000 0.05529
0.73614 0.05772
0.72203 0.06012
0.70771 0.06247
0.69317 0.06479
0.67844 0.06704
0.66353 0.06925
0.64846 0.07139
0.63324 0.07346
0.61788 0.07547
0.60240 0.07740
0.58682 0.07926
0.57116 0.08103
0.55542 0.08273
0.53962 0.08433
0.52379 0.08583
0.50793 0.08724
0.49207 0.08854
0.47621 0.08972
0.46038 0.09077
0.44458 0.09170
0.42884 0.09248
0.41318 0.09312
0.39760 0.09359
0.38212 0.09391
0.36676 0.09405
0.35154 0.09401
0.33647 0.09380
0.32156 0.09340
0.30683 0.09282
0.29229 0.09205
0.27797 0.09111
0.26386 0.08998
0.25000 0.08868
0.23639 0.08722
0.22304 0.08559
0.20997 0.08382
0.19720 0.08189
0.18472 0.07983
0.17257 0.07764
0.16075 0.07533
0.14926 0.07290
0.13813 0.07036
0.12737 0.06771
0.11698 0.06497
0.10697 0.06213
0.09736 0.05921
0.08816 0.05621
0.07937 0.05314
0.07101 0.05000
0.06308 0.04681
0.05558 0.04357
0.04854 0.04029
0.04195 0.03700
0.03582 0.03370
0.03015 0.03042
0.02496 0.02716
0.02025 0.02395
0.01603 0.02080
0.01229 0.01774
0.00904 0.01478
0.00628 0.01194
0.00402 0.00924
0.00226 0.00668
0.00101 0.00428
0.00025 0.00206
0.00000 0.00000
0.00025 -0.00363
0.00101 -0.00705
0.00226 -0.01024
0.00402 -0.01322
0.00628 -0.01598
0.00904 -0.01853
0.01229 -0.02087
0.01603 -0.02300
0.02025 -0.02494
0.02496 -0.02667
0.03015 -0.02822
0.03582 -0.02959
0.04195 -0.03078
0.04854 -0.03181
0.05558 -0.03268
0.06308 -0.03339
0.07101 -0.03396
0.07937 -0.03440
0.08816 -0.03471
0.09736 -0.03491
0.10697 -0.03499
0.11698 -0.03498
0.12737 -0.03487
0.13813 -0.03468
0.14926 -0.03441
0.16075 -0.03407
0.17257 -0.03367
0.18472 -0.03321
0.19720 -0.03270
0.20997 -0.03215
0.22304 -0.03156
0.23639 -0.03094
0.25000 -0.03028
0.26386 -0.02961
0.27797 -0.02891
0.29229 -0.02819
0.30683 -0.02746
0.32156 -0.02672
0.33647 -0.02597
0.35154 -0.02521
0.36676 -0.02444
0.38212 -0.02368
0.39760 -0.02291
0.41318 -0.02214
0.42884 -0.02137
0.44458 -0.02061
0.46038 -0.01985
0.47621 -0.01909
0.49207 -0.01834
0.50793 -0.01760
0.52379 -0.01687
0.53962 -0.01615
0.55542 -0.01544
0.57116 -0.01474
0.58682 -0.01406
0.60240 -0.01339
0.61788 -0.01274
0.63324 -0.01211
0.64846 -0.01150
0.66353 -0.01091
0.67844 -0.01035
0.69317 -0.00981
0.70771 -0.00930
0.72203 -0.00882
0.73614 -0.00836
0.75000 -0.00794
0.76361 -0.00755
0.77696 -0.00720
0.79003 -0.00687
0.80280 -0.00658
0.81528 -0.00633
0.82743 -0.00611
0.83925 -0.00592
0.85074 -0.00577
0.86187 -0.00564
0.87263 -0.00555
0.88302 -0.00549
0.89303 -0.00546
0.90264 -0.00545
0.91184 -0.00547
0.92063 -0.00551
0.92899 -0.00557
0.93692 -0.00565
0.94442 -0.00574
0.95146 -0.00584
0.95805 -0.00595
0.96418 -0.00607
0.96985 -0.00619
0.97504 -0.00631
0.97975 -0.00643
0.98397 -0.00654
0.98771 -0.00665
0.99096 -0.00674
0.99372 -0.00683
0.99598 -0.00690
0.99774 -0.00696
0.99899 -0.00700
0.99975 -0.00702
1.00000 -0.00703
