Profile6.txt
1.00000 -0.00378
0.99975 -0.00347
0.99899 -0.00258
0.99774 -0.00119
0.99598 0.00058
0.99372 0.00257
0.99096 0.00461
0.98771 0.00653
0.98397 0.00820
0.97975 0.00954
0.97504 0.01055
0.96985 0.01134
0.96418 0.01214
0.95805 0.01330
0.95146 0.01533
0.94442 0.01888
0.93692 0.02476
0.92899 0.03388
0.92063 0.04728
0.91184 0.06609
0.90264 0.09150
0.89303 0.12470
0.88302 0.16687
0.87263 0.21914
0.86187 0.28251
0.85074 0.35783
0.83925 0.44576
0.82743 0.54675
0.81528 0.66095
0.80280 0.78826
0.79003 0.92825
0.77696 1.08019
0.76361 1.24303
0.75000 1.41542
0.73614 1.59571
0.72203 1.78203
0.70771 1.97223
0.69317 2.16403
0.67844 2.35500
0.66353 2.54261
0.64846 2.72432
0.63324 2.89763
0.61788 3.06010
0.60240 3.20943
0.58682 3.34354
0.57116 3.46052
0.55542 3.55880
0.53962 3.63705
0.52379 3.69430
0.50793 3.72992
0.49207 3.74360
0.47621 3.73539
0.46038 3.70570
0.44458 3.65523
0.42884 3.58498
0.41318 3.49623
0.39760 3.39049
0.38212 3.26946
0.36676 3.13500
0.35154 2.98910
0.33647 2.83380
0.32156 2.67119
0.30683 2.50333
0.29229 2.33227
0.27797 2.15996
0.26386 1.98825
0.25000 1.81885
0.23639 1.65333
0.22304 1.49309
0.20997 1.33934
0.19720 1.19310
0.18472 1.05522
0.17257 0.92634
0.16075 0.80693
0.14926 0.69727
0.13813 0.59749
0.12737 0.50754
0.11698 0.42728
0.10697 0.35639
0.09736 0.29448
0.08816 0.24105
0.07937 0.19555
0.07101 0.15735
0.06308 0.12579
0.05558 0.10016
0.04854 0.07978
0.04195 0.06392
0.03582 0.05189
0.03015 0.04301
0.02496 0.03663
0.02025 0.03214
0.01603 0.02896
0.01229 0.02657
0.00904 0.02451
0.00628 0.02235
0.00402 0.01975
0.00226 0.01641
0.00101 0.01210
0.00025 0.00667
0.00000 0.00000
0.00025 -0.00212
0.00101 -0.00408
0.00226 -0.00587
0.00402 -0.00750
0.00628 -0.00897
0.00904 -0.01028
0.01229 -0.01144
0.01603 -0.01244
0.02025 -0.01329
0.02496 -0.01400
0.03015 -0.01457
0.03582 -0.01500
0.04195 -0.01530
0.04854 -0.01548
0.05558 -0.01555
0.06308 -0.01550
0.07101 -0.01536
0.07937 -0.01511
0.08816 -0.01478
0.09736 -0.01437
0.10697 -0.01389
0.11698 -0.01335
0.12737 -0.01274
0.13813 -0.01209
0.14926 -0.01140
0.16075 -0.01068
0.17257 -0.00992
0.18472 -0.00916
0.19720 -0.00838
0.20997 -0.00759
0.22304 -0.00681
0.23639 -0.00604
0.25000 -0.00528
0.26386 -0.00455
0.27797 -0.00384
0.29229 -0.00316
0.30683 -0.00251
0.32156 -0.00191
0.33647 -0.00134
0.35154 -0.00082
0.36676 -0.00035
0.38212 0.00007
0.39760 0.00043
0.41318 0.00075
0.42884 0.00101
0.44458 0.00121
0.46038 0.00137
0.47621 0.00146
0.49207 0.00151
0.50793 0.00150
0.52379 0.00144
0.53962 0.00134
0.55542 0.00119
0.57116 0.00099
0.58682 0.00076
0.60240 0.00048
0.61788 0.00017
0.63324 -0.00017
0.64846 -0.00055
0.66353 -0.00094
0.67844 -0.00137
0.69317 -0.00181
0.70771 -0.00226
0.72203 -0.00273
0.73614 -0.00321
0.75000 -0.00370
0.76361 -0.00419
0.77696 -0.00468
0.79003 -0.00517
0.80280 -0.00565
0.81528 -0.00613
0.82743 -0.00660
0.83925 -0.00706
0.85074 -0.00751
0.86187 -0.00794
0.87263 -0.00836
0.88302 -0.00876
0.89303 -0.00914
0.90264 -0.00951
0.91184 -0.00985
0.92063 -0.01018
0.92899 -0.01048
0.93692 -0.01077
0.94442 -0.01104
0.95146 -0.01129
0.95805 -0.01151
0.96418 -0.01172
0.96985 -0.01191
0.97504 -0.01209
0.97975 -0.01224
0.98397 -0.01237
0.98771 -0.01249
0.99096 -0.01260
0.99372 -0.01268
0.99598 -0.01275
0.99774 -0.01280
0.99899 -0.01284
0.99975 -0.01287
1.00000 -0.01287
