Profile12.txt
1.00000 0.00155
0.99975 0.00162
0.99899 0.00183
0.99774 0.00218
0.99598 0.00267
0.99372 0.00329
0.99096 0.00405
0.98771 0.00493
0.98397 0.00595
0.97975 0.00708
0.97504 0.00832
0.96985 0.00967
0.96418 0.01110
0.95805 0.01262
0.95146 0.01420
0.94442 0.01584
0.93692 0.01752
0.92899 0.01922
0.92063 0.02094
0.91184 0.02267
0.90264 0.02439
0.89303 0.02610
0.88302 0.02779
0.87263 0.02946
0.86187 0.03112
0.85074 0.03276
0.83925 0.03439
0.82743 0.03602
0.81528 0.03765
0.80280 0.03930
0.79003 0.04098
0.77696 0.04268
0.76361 0.04443
0.75000 0.04621
0.73614 0.04803
0.72203 0.04989
0.70771 0.05178
0.69317 0.05370
0.67844 0.05563
0.66353 0.05755
0.64846 0.05945
0.63324 0.06131
0.61788 0.06311
0.60240 0.06484
0.58682 0.06646
0.57116 0.06798
0.55542 0.06937
0.53962 0.07063
0.52379 0.07175
0.50793 0.07273
0.49207 0.07356
0.47621 0.07427
0.46038 0.07484
0.44458 0.07530
0.42884 0.07564
0.41318 0.07590
0.39760 0.07607
0.38212 0.07616
0.36676 0.07619
0.35154 0.07615
0.33647 0.07605
0.32156 0.07588
0.30683 0.07564
0.29229 0.07532
0.27797 0.07490
0.26386 0.07438
0.25000 0.07373
0.23639 0.07295
0.22304 0.07202
0.20997 0.07094
0.19720 0.06969
0.18472 0.06827
0.17257 0.06669
0.16075 0.06495
0.14926 0.06308
0.13813 0.06108
0.12737 0.05898
0.11698 0.05681
0.10697 0.05460
0.09736 0.05236
0.08816 0.05013
0.07937 0.04794
0.07101 0.04579
0.06308 0.04371
0.05558 0.04169
0.04854 0.03974
0.04195 0.03783
0.03582 0.03595
0.03015 0.03407
0.02496 0.03215
0.02025 0.03014
0.01603 0.02800
0.01229 0.02567
0.00904 0.02310
0.00628 0.02023
0.00402 0.01702
0.00226 0.01342
0.00101 0.00940
0.00025 0.00493
0.00000 0.00000
0.00025 -0.00144
0.00101 -0.00279
0.00226 -0.00405
0.00402 -0.00520
0.00628 -0.00626
0.00904 -0.00723
0.01229 -0.00809
0.01603 -0.00887
0.02025 -0.00954
0.02496 -0.01013
0.03015 -0.01062
0.03582 -0.01101
0.04195 -0.01132
0.04854 -0.01154
0.05558 -0.01167
0.06308 -0.01171
0.07101 -0.01167
0.07937 -0.01154
0.08816 -0.01134
0.09736 -0.01106
0.10697 -0.01071
0.11698 -0.01029
0.12737 -0.00980
0.13813 -0.00926
0.14926 -0.00865
0.16075 -0.00800
0.17257 -0.00729
0.18472 -0.00655
0.19720 -0.00577
0.20997 -0.00495
0.22304 -0.00411
0.23639 -0.00325
0.25000 -0.00237
0.26386 -0.00148
0.27797 -0.00059
0.29229 0.00030
0.30683 0.00118
0.32156 0.00204
0.33647 0.00289
0.35154 0.00371
0.36676 0.00451
0.38212 0.00527
0.39760 0.00599
0.41318 0.00667
0.42884 0.00730
0.44458 0.00788
0.46038 0.00841
0.47621 0.00888
0.49207 0.00930
0.50793 0.00965
0.52379 0.00995
0.53962 0.01018
0.55542 0.01035
0.57116 0.01045
0.58682 0.01050
0.60240 0.01048
0.61788 0.01040
0.63324 0.01026
0.64846 0.01007
0.66353 0.00982
0.67844 0.00952
0.69317 0.00917
0.70771 0.00877
0.72203 0.00834
0.73614 0.00786
0.75000 0.00735
0.76361 0.00680
0.77696 0.00623
0.79003 0.00564
0.80280 0.00503
0.81528 0.00440
0.82743 0.00376
0.83925 0.00311
0.85074 0.00245
0.86187 0.00180
0.87263 0.00115
0.88302 0.00051
0.89303 -0.00013
0.90264 -0.00075
0.91184 -0.00136
0.92063 -0.00194
0.92899 -0.00251
0.93692 -0.00306
0.94442 -0.00358
0.95146 -0.00407
0.95805 -0.00454
0.96418 -0.00498
0.96985 -0.00538
0.97504 -0.00576
0.97975 -0.00610
0.98397 -0.00640
0.98771 -0.00668
0.99096 -0.00691
0.99372 -0.00712
0.99598 -0.00728
0.99774 -0.00741
0.99899 -0.00750
0.99975 -0.00756
1.00000 -0.00758
