Profile4.txt
1.00000 0.00410
0.99975 0.00419
0.99899 0.00448
0.99774 0.00494
0.99598 0.00559
0.99372 0.00638
0.99096 0.00733
0.98771 0.00839
0.98397 0.00956
0.97975 0.01081
0.97504 0.01213
0.96985 0.01349
0.96418 0.01488
0.95805 0.01628
0.95146 0.01768
0.94442 0.01907
0.93692 0.02045
0.92899 0.02182
0.92063 0.02316
0.91184 0.02450
0.90264 0.02583
0.89303 0.02716
0.88302 0.02849
0.87263 0.02983
0.86187 0.03119
0.85074 0.03257
0.83925 0.03398
0.82743 0.03541
0.81528 0.03687
0.80280 0.03835
0.79003 0.03985
0.77696 0.04136
0.76361 0.04288
0.75000 0.04438
0.73614 0.04588
0.72203 0.04734
0.70771 0.04878
0.69317 0.05016
0.67844 0.05150
0.66353 0.05277
0.64846 0.05398
0.63324 0.05512
0.61788 0.05620
0.60240 0.05720
0.58682 0.05813
0.57116 0.05900
0.55542 0.05980
0.53962 0.06053
0.52379 0.06120
0.50793 0.06182
0.49207 0.06236
0.47621 0.06285
0.46038 0.06327
0.44458 0.06363
0.42884 0.06391
0.41318 0.06411
0.39760 0.06423
0.38212 0.06426
0.36676 0.06419
0.35154 0.06403
0.33647 0.06375
0.32156 0.06336
0.30683 0.06286
0.29229 0.06225
0.27797 0.06152
0.26386 0.06068
0.25000 0.05974
0.23639 0.05870
0.22304 0.05757
0.20997 0.05636
0.19720 0.05507
0.18472 0.05372
0.17257 0.05231
0.16075 0.05086
0.14926 0.04937
0.13813 0.04785
0.12737 0.04629
0.11698 0.04472
0.10697 0.04311
0.09736 0.04149
0.08816 0.03984
0.07937 0.03816
0.07101 0.03644
0.06308 0.03470
0.05558 0.03291
0.04854 0.03107
0.04195 0.02919
0.03582 0.02725
0.03015 0.02526
0.02496 0.02322
0.02025 0.02112
0.01603 0.01896
0.01229 0.01675
0.00904 0.01449
0.00628 0.01218
0.00402 0.00982
0.00226 0.00743
0.00101 0.00499
0.00025 0.00251
0.00000 0.00000
0.00025 -0.00375
0.00101 -0.00720
0.00226 -0.01034
0.00402 -0.01319
0.00628 -0.01575
0.00904 -0.01802
0.01229 -0.02000
0.01603 -0.02172
0.02025 -0.02317
0.02496 -0.02438
0.03015 -0.02534
0.03582 -0.02608
0.04195 -0.02660
0.04854 -0.02692
0.05558 -0.02706
0.06308 -0.02703
0.07101 -0.02684
0.07937 -0.02652
0.08816 -0.02607
0.09736 -0.02551
0.10697 -0.02485
0.11698 -0.02412
0.12737 -0.02333
0.13813 -0.02248
0.14926 -0.02159
0.16075 -0.02068
0.17257 -0.01975
0.18472 -0.01882
0.19720 -0.01790
0.20997 -0.01699
0.22304 -0.01610
0.23639 -0.01524
0.25000 -0.01442
0.26386 -0.01364
0.27797 -0.01290
0.29229 -0.01221
0.30683 -0.01157
0.32156 -0.01098
0.33647 -0.01044
0.35154 -0.00995
0.36676 -0.00951
0.38212 -0.00913
0.39760 -0.00879
0.41318 -0.00850
0.42884 -0.00825
0.44458 -0.00804
0.46038 -0.00788
0.47621 -0.00774
0.49207 -0.00765
0.50793 -0.00758
0.52379 -0.00753
0.53962 -0.00751
0.55542 -0.00751
0.57116 -0.00753
0.58682 -0.00757
0.60240 -0.00762
0.61788 -0.00768
0.63324 -0.00776
0.64846 -0.00784
0.66353 -0.00793
0.67844 -0.00803
0.69317 -0.00813
0.70771 -0.00824
0.72203 -0.00836
0.73614 -0.00848
0.75000 -0.00861
0.76361 -0.00875
0.77696 -0.00889
0.79003 -0.00904
0.80280 -0.00920
0.81528 -0.00936
0.82743 -0.00953
0.83925 -0.00971
0.85074 -0.00990
0.86187 -0.01010
0.87263 -0.01030
0.88302 -0.01051
0.89303 -0.01072
0.90264 -0.01094
0.91184 -0.01116
0.92063 -0.01139
0.92899 -0.01162
0.93692 -0.01185
0.94442 -0.01208
0.95146 -0.01230
0.95805 -0.01252
0.96418 -0.01273
0.96985 -0.01294
0.97504 -0.01313
0.97975 -0.01332
0.98397 -0.01348
0.98771 -0.01364
0.99096 -0.01377
0.99372 -0.01389
0.99598 -0.01399
0.99774 -0.01407
0.99899 -0.01412
0.99975 -0.01416
1.00000 -0.01417
