Profile2.txt
1.00000 0.01004
0.99975 0.01013
0.99899 0.01040
0.99774 0.01084
0.99598 0.01144
0.99372 0.01219
0.99096 0.01307
0.98771 0.01405
0.98397 0.01512
0.97975 0.01625
0.97504 0.01742
0.96985 0.01861
0.96418 0.01979
0.95805 0.02096
0.95146 0.02210
0.94442 0.02320
0.93692 0.02425
0.92899 0.02525
0.92063 0.02621
0.91184 0.02713
0.90264 0.02801
0.89303 0.02886
0.88302 0.02970
0.87263 0.03053
0.86187 0.03137
0.85074 0.03222
0.83925 0.03309
0.82743 0.03399
0.81528 0.03492
0.80280 0.03588
0.79003 0.03686
0.77696 0.03787
0.76361 0.03890
0.75000 0.03993
0.73614 0.04096
0.72203 0.04198
0.70771 0.04298
0.69317 0.04394
0.67844 0.04486
0.66353 0.04572
0.64846 0.04652
0.63324 0.04726
0.61788 0.04792
0.60240 0.04852
0.58682 0.04904
0.57116 0.04949
0.55542 0.04988
0.53962 0.05021
0.52379 0.05048
0.50793 0.05070
0.49207 0.05088
0.47621 0.05101
0.46038 0.05111
0.44458 0.05117
0.42884 0.05119
0.41318 0.05118
0.39760 0.05114
0.38212 0.05105
0.36676 0.05092
0.35154 0.05074
0.33647 0.05051
0.32156 0.05022
0.30683 0.04987
0.29229 0.04945
0.27797 0.04896
0.26386 0.04840
0.25000 0.04777
0.23639 0.04707
0.22304 0.04630
0.20997 0.04547
0.19720 0.04458
0.18472 0.04364
0.17257 0.04266
0.16075 0.04165
0.14926 0.04060
0.13813 0.03954
0.12737 0.03846
0.11698 0.03737
0.10697 0.03628
0.09736 0.03518
0.08816 0.03408
0.07937 0.03298
0.07101 0.03186
0.06308 0.03073
0.05558 0.02956
0.04854 0.02836
0.04195 0.02711
0.03582 0.02580
0.03015 0.02441
0.02496 0.02293
0.02025 0.02134
0.01603 0.01962
0.01229 0.01777
0.00904 0.01577
0.00628 0.01360
0.00402 0.01126
0.00226 0.00874
0.00101 0.00602
0.00025 0.00311
0.00000 0.00000
0.00025 -0.00499
0.00101 -0.00959
0.00226 -0.01381
0.00402 -0.01764
0.00628 -0.02109
0.00904 -0.02418
0.01229 -0.02691
0.01603 -0.02929
0.02025 -0.03133
0.02496 -0.03306
0.03015 -0.03447
0.03582 -0.03561
0.04195 -0.03647
0.04854 -0.03708
0.05558 -0.03746
0.06308 -0.03762
0.07101 -0.03760
0.07937 -0.03740
0.08816 -0.03706
0.09736 -0.03658
0.10697 -0.03599
0.11698 -0.03530
0.12737 -0.03455
0.13813 -0.03373
0.14926 -0.03287
0.16075 -0.03199
0.17257 -0.03109
0.18472 -0.03019
0.19720 -0.02931
0.20997 -0.02845
0.22304 -0.02761
0.23639 -0.02682
0.25000 -0.02607
0.26386 -0.02536
0.27797 -0.02471
0.29229 -0.02412
0.30683 -0.02357
0.32156 -0.02308
0.33647 -0.02265
0.35154 -0.02227
0.36676 -0.02193
0.38212 -0.02164
0.39760 -0.02140
0.41318 -0.02119
0.42884 -0.02101
0.44458 -0.02086
0.46038 -0.02074
0.47621 -0.02063
0.49207 -0.02053
0.50793 -0.02044
0.52379 -0.02036
0.53962 -0.02027
0.55542 -0.02018
0.57116 -0.02009
0.58682 -0.01998
0.60240 -0.01985
0.61788 -0.01972
0.63324 -0.01957
0.64846 -0.01940
0.66353 -0.01921
0.67844 -0.01900
0.69317 -0.01878
0.70771 -0.01855
0.72203 -0.01830
0.73614 -0.01804
0.75000 -0.01777
0.76361 -0.01749
0.77696 -0.01721
0.79003 -0.01692
0.80280 -0.01663
0.81528 -0.01635
0.82743 -0.01607
0.83925 -0.01580
0.85074 -0.01554
0.86187 -0.01529
0.87263 -0.01505
0.88302 -0.01482
0.89303 -0.01462
0.90264 -0.01443
0.91184 -0.01425
0.92063 -0.01410
0.92899 -0.01396
0.93692 -0.01384
0.94442 -0.01373
0.95146 -0.01365
0.95805 -0.01357
0.96418 -0.01351
0.96985 -0.01346
0.97504 -0.01343
0.97975 -0.01340
0.98397 -0.01338
0.98771 -0.01336
0.99096 -0.01336
0.99372 -0.01335
0.99598 -0.01335
0.99774 -0.01335
0.99899 -0.01335
0.99975 -0.01335
1.00000 -0.01335
