Profile27.txt
1.00000 0.00322
0.99975 0.00334
0.99899 0.00369
0.99774 0.00428
0.99598 0.00509
0.99372 0.00613
0.99096 0.00737
0.98771 0.00881
0.98397 0.01043
0.97975 0.01223
0.97504 0.01419
0.96985 0.01629
0.96418 0.01852
0.95805 0.02086
0.95146 0.02332
0.94442 0.02587
0.93692 0.02850
0.92899 0.03121
0.92063 0.03399
0.91184 0.03684
0.90264 0.03975
0.89303 0.04271
0.88302 0.04574
0.87263 0.04882
0.86187 0.05195
0.85074 0.05514
0.83925 0.05837
0.82743 0.06166
0.81528 0.06500
0.80280 0.06837
0.79003 0.07177
0.77696 0.07520
0.76361 0.07865
0.75000 0.08209
0.73614 0.08552
0.72203 0.08892
0.70771 0.09228
0.69317 0.09557
0.67844 0.09877
0.66353 0.10188
0.64846 0.10486
0.63324 0.10770
0.61788 0.11039
0.60240 0.11291
0.58682 0.11524
0.57116 0.11738
0.55542 0.11931
0.53962 0.12104
0.52379 0.12256
0.50793 0.12387
0.49207 0.12496
0.47621 0.12586
0.46038 0.12655
0.44458 0.12705
0.42884 0.12736
0.41318 0.12750
0.39760 0.12746
0.38212 0.12727
0.36676 0.12691
0.35154 0.12640
0.33647 0.12574
0.32156 0.12494
0.30683 0.12398
0.29229 0.12287
0.27797 0.12161
0.26386 0.12018
0.25000 0.11859
0.23639 0.11683
0.22304 0.11488
0.20997 0.11274
0.19720 0.11041
0.18472 0.10788
0.17257 0.10515
0.16075 0.10222
0.14926 0.09908
0.13813 0.09575
0.12737 0.09222
0.11698 0.08852
0.10697 0.08464
0.09736 0.08062
0.08816 0.07646
0.07937 0.07218
0.07101 0.06780
0.06308 0.06336
0.05558 0.05886
0.04854 0.05434
0.04195 0.04982
0.03582 0.04532
0.03015 0.04087
0.02496 0.03648
0.02025 0.03219
0.01603 0.02800
0.01229 0.02393
0.00904 0.02000
0.00628 0.01623
0.00402 0.01262
0.00226 0.00919
0.00101 0.00594
0.00025 0.00287
0.00000 0.00000
0.00025 -0.00203
0.00101 -0.00393
0.00226 -0.00569
0.00402 -0.00731
0.00628 -0.00879
0.00904 -0.01014
0.01229 -0.01136
0.01603 -0.01244
0.02025 -0.01339
0.02496 -0.01421
0.03015 -0.01490
0.03582 -0.01546
0.04195 -0.01590
0.04854 -0.01621
0.05558 -0.01641
0.06308 -0.01650
0.07101 -0.01647
0.07937 -0.01634
0.08816 -0.01611
0.09736 -0.01579
0.10697 -0.01537
0.11698 -0.01487
0.12737 -0.01428
0.13813 -0.01363
0.14926 -0.01291
0.16075 -0.01213
0.17257 -0.01130
0.18472 -0.01043
0.19720 -0.00952
0.20997 -0.00858
0.22304 -0.00762
0.23639 -0.00664
0.25000 -0.00566
0.26386 -0.00468
0.27797 -0.00371
0.29229 -0.00276
0.30683 -0.00183
0.32156 -0.00093
0.33647 -0.00006
0.35154 0.00076
0.36676 0.00154
0.38212 0.00226
0.39760 0.00292
0.41318 0.00352
0.42884 0.00406
0.44458 0.00453
0.46038 0.00493
0.47621 0.00525
0.49207 0.00550
0.50793 0.00568
0.52379 0.00578
0.53962 0.00581
0.55542 0.00577
0.57116 0.00566
0.58682 0.00548
0.60240 0.00524
0.61788 0.00494
0.63324 0.00457
0.64846 0.00416
0.66353 0.00369
0.67844 0.00318
0.69317 0.00264
0.70771 0.00205
0.72203 0.00144
0.73614 0.00081
0.75000 0.00015
0.76361 -0.00052
0.77696 -0.00119
0.79003 -0.00187
0.80280 -0.00256
0.81528 -0.00323
0.82743 -0.00390
0.83925 -0.00455
0.85074 -0.00519
0.86187 -0.00581
0.87263 -0.00641
0.88302 -0.00698
0.89303 -0.00753
0.90264 -0.00805
0.91184 -0.00854
0.92063 -0.00900
0.92899 -0.00943
0.93692 -0.00983
0.94442 -0.01020
0.95146 -0.01054
0.95805 -0.01085
0.96418 -0.01113
0.96985 -0.01138
0.97504 -0.01161
0.97975 -0.01181
0.98397 -0.01199
0.98771 -0.01214
0.99096 -0.01227
0.99372 -0.01238
0.99598 -0.01247
0.99774 -0.01253
0.99899 -0.01258
0.99975 -0.01261
1.00000 -0.01262
