Profile18.txt
1.00000 0.00054
0.99975 0.00063
0.99899 0.00090
0.99774 0.00134
0.99598 0.00194
0.99372 0.00271
0.99096 0.00364
0.98771 0.00472
0.98397 0.00594
0.97975 0.00730
0.97504 0.00878
0.96985 0.01037
0.96418 0.01207
0.95805 0.01387
0.95146 0.01576
0.94442 0.01773
0.93692 0.01978
0.92899 0.02190
0.92063 0.02408
0.91184 0.02633
0.90264 0.02863
0.89303 0.03099
0.88302 0.03339
0.87263 0.03584
0.86187 0.03832
0.85074 0.04084
0.83925 0.04338
0.82743 0.04595
0.81528 0.04854
0.80280 0.05113
0.79003 0.05372
0.77696 0.05631
0.76361 0.05888
0.75000 0.06142
0.73614 0.06394
0.72203 0.06642
0.70771 0.06886
0.69317 0.07124
0.67844 0.07356
0.66353 0.07582
0.64846 0.07801
0.63324 0.08013
0.61788 0.08216
0.60240 0.08412
0.58682 0.08599
0.57116 0.08777
0.55542 0.08946
0.53962 0.09105
0.52379 0.09254
0.50793 0.09392
0.49207 0.09519
0.47621 0.09635
0.46038 0.09738
0.44458 0.09828
0.42884 0.09905
0.41318 0.09967
0.39760 0.10014
0.38212 0.10046
0.36676 0.10061
0.35154 0.10060
0.33647 0.10041
0.32156 0.10005
0.30683 0.09952
0.29229 0.09880
0.27797 0.09790
0.26386 0.09683
0.25000 0.09558
0.23639 0.09417
0.22304 0.09258
0.20997 0.09083
0.19720 0.08893
0.18472 0.08688
0.17257 0.08469
0.16075 0.08237
0.14926 0.07991
0.13813 0.07734
0.12737 0.07465
0.11698 0.07186
0.10697 0.06896
0.09736 0.06598
0.08816 0.06291
0.07937 0.05976
0.07101 0.05653
0.06308 0.05325
0.05558 0.04991
0.04854 0.04652
0.04195 0.04310
0.03582 0.03965
0.03015 0.03618
0.02496 0.03271
0.02025 0.02925
0.01603 0.02580
0.01229 0.02238
0.00904 0.01900
0.00628 0.01566
0.00402 0.01239
0.00226 0.00918
0.00101 0.00604
0.00025 0.00298
0.00000 0.00000
0.00025 -0.00326
0.00101 -0.00637
0.00226 -0.00935
0.00402 -0.01218
0.00628 -0.01487
0.00904 -0.01742
0.01229 -0.01982
0.01603 -0.02209
0.02025 -0.02421
0.02496 -0.02620
0.03015 -0.02805
0.03582 -0.02977
0.04195 -0.03136
0.04854 -0.03281
0.05558 -0.03414
0.06308 -0.03535
0.07101 -0.03643
0.07937 -0.03740
0.08816 -0.03826
0.09736 -0.03900
0.10697 -0.03964
0.11698 -0.04018
0.12737 -0.04062
0.13813 -0.04096
0.14926 -0.04122
0.16075 -0.04140
0.17257 -0.04149
0.18472 -0.04151
0.19720 -0.04147
0.20997 -0.04136
0.22304 -0.04119
0.23639 -0.04096
0.25000 -0.04069
0.26386 -0.04037
0.27797 -0.04001
0.29229 -0.03961
0.30683 -0.03918
0.32156 -0.03872
0.33647 -0.03824
0.35154 -0.03774
0.36676 -0.03722
0.38212 -0.03669
0.39760 -0.03614
0.41318 -0.03559
0.42884 -0.03503
0.44458 -0.03446
0.46038 -0.03389
0.47621 -0.03332
0.49207 -0.03275
0.50793 -0.03218
0.52379 -0.03161
0.53962 -0.03104
0.55542 -0.03047
0.57116 -0.02990
0.58682 -0.02933
0.60240 -0.02877
0.61788 -0.02820
0.63324 -0.02763
0.64846 -0.02706
0.66353 -0.02649
0.67844 -0.02591
0.69317 -0.02533
0.70771 -0.02475
0.72203 -0.02415
0.73614 -0.02356
0.75000 -0.02295
0.76361 -0.02234
0.77696 -0.02172
0.79003 -0.02110
0.80280 -0.02047
0.81528 -0.01983
0.82743 -0.01918
0.83925 -0.01853
0.85074 -0.01788
0.86187 -0.01723
0.87263 -0.01657
0.88302 -0.01591
0.89303 -0.01526
0.90264 -0.01462
0.91184 -0.01398
0.92063 -0.01335
0.92899 -0.01273
0.93692 -0.01213
0.94442 -0.01155
0.95146 -0.01098
0.95805 -0.01044
0.96418 -0.00993
0.96985 -0.00945
0.97504 -0.00900
0.97975 -0.00858
0.98397 -0.00820
0.98771 -0.00786
0.99096 -0.00756
0.99372 -0.00730
0.99598 -0.00709
0.99774 -0.00692
0.99899 -0.00680
0.99975 -0.00673
1.00000 -0.00670
