Profile26.txt
1.00000 0.00185
0.99975 0.00195
0.99899 0.00227
0.99774 0.00280
0.99598 0.00353
0.99372 0.00445
0.99096 0.00556
0.98771 0.00685
0.98397 0.00831
0.97975 0.00992
0.97504 0.01168
0.96985 0.01357
0.96418 0.01558
0.95805 0.01770
0.95146 0.01993
0.94442 0.02224
0.93692 0.02465
0.92899 0.02713
0.92063 0.02970
0.91184 0.03234
0.90264 0.03505
0.89303 0.03783
0.88302 0.04067
0.87263 0.04359
0.86187 0.04657
0.85074 0.04962
0.83925 0.05272
0.82743 0.05588
0.81528 0.05909
0.80280 0.06234
0.79003 0.06563
0.77696 0.06893
0.76361 0.07223
0.75000 0.07552
0.73614 0.07879
0.72203 0.08201
0.70771 0.08517
0.69317 0.08824
0.67844 0.09122
0.66353 0.09407
0.64846 0.09679
0.63324 0.09936
0.61788 0.10177
0.60240 0.10400
0.58682 0.10605
0.57116 0.10791
0.55542 0.10958
0.53962 0.11106
0.52379 0.11236
0.50793 0.11347
0.49207 0.11441
0.47621 0.11518
0.46038 0.11578
0.44458 0.11624
0.42884 0.11655
0.41318 0.11673
0.39760 0.11679
0.38212 0.11671
0.36676 0.11652
0.35154 0.11621
0.33647 0.11578
0.32156 0.11522
0.30683 0.11453
0.29229 0.11370
0.27797 0.11272
0.26386 0.11159
0.25000 0.11028
0.23639 0.10880
0.22304 0.10712
0.20997 0.10524
0.19720 0.10316
0.18472 0.10086
0.17257 0.09834
0.16075 0.09561
0.14926 0.09267
0.13813 0.08952
0.12737 0.08618
0.11698 0.08265
0.10697 0.07896
0.09736 0.07512
0.08816 0.07115
0.07937 0.06708
0.07101 0.06293
0.06308 0.05872
0.05558 0.05447
0.04854 0.05022
0.04195 0.04599
0.03582 0.04179
0.03015 0.03764
0.02496 0.03358
0.02025 0.02961
0.01603 0.02574
0.01229 0.02201
0.00904 0.01840
0.00628 0.01494
0.00402 0.01163
0.00226 0.00847
0.00101 0.00548
0.00025 0.00266
0.00000 0.00000
0.00025 -0.00209
0.00101 -0.00401
0.00226 -0.00578
0.00402 -0.00738
0.00628 -0.00882
0.00904 -0.01009
0.01229 -0.01121
0.01603 -0.01218
0.02025 -0.01298
0.02496 -0.01364
0.03015 -0.01415
0.03582 -0.01452
0.04195 -0.01475
0.04854 -0.01484
0.05558 -0.01481
0.06308 -0.01465
0.07101 -0.01437
0.07937 -0.01398
0.08816 -0.01348
0.09736 -0.01289
0.10697 -0.01220
0.11698 -0.01142
0.12737 -0.01057
0.13813 -0.00965
0.14926 -0.00867
0.16075 -0.00763
0.17257 -0.00654
0.18472 -0.00542
0.19720 -0.00426
0.20997 -0.00309
0.22304 -0.00190
0.23639 -0.00070
0.25000 0.00049
0.26386 0.00168
0.27797 0.00284
0.29229 0.00399
0.30683 0.00510
0.32156 0.00618
0.33647 0.00721
0.35154 0.00820
0.36676 0.00913
0.38212 0.01000
0.39760 0.01080
0.41318 0.01154
0.42884 0.01221
0.44458 0.01281
0.46038 0.01333
0.47621 0.01377
0.49207 0.01413
0.50793 0.01442
0.52379 0.01462
0.53962 0.01475
0.55542 0.01480
0.57116 0.01477
0.58682 0.01467
0.60240 0.01450
0.61788 0.01425
0.63324 0.01395
0.64846 0.01358
0.66353 0.01315
0.67844 0.01267
0.69317 0.01213
0.70771 0.01156
0.72203 0.01094
0.73614 0.01028
0.75000 0.00960
0.76361 0.00888
0.77696 0.00815
0.79003 0.00740
0.80280 0.00663
0.81528 0.00586
0.82743 0.00509
0.83925 0.00431
0.85074 0.00354
0.86187 0.00278
0.87263 0.00203
0.88302 0.00129
0.89303 0.00058
0.90264 -0.00012
0.91184 -0.00079
0.92063 -0.00144
0.92899 -0.00206
0.93692 -0.00265
0.94442 -0.00321
0.95146 -0.00374
0.95805 -0.00423
0.96418 -0.00469
0.96985 -0.00512
0.97504 -0.00550
0.97975 -0.00586
0.98397 -0.00617
0.98771 -0.00645
0.99096 -0.00669
0.99372 -0.00690
0.99598 -0.00707
0.99774 -0.00720
0.99899 -0.00729
0.99975 -0.00735
1.00000 -0.00737
