Profile19.txt
1.00000 0.00162
0.99975 0.00174
0.99899 0.00210
0.99774 0.00270
0.99598 0.00354
0.99372 0.00459
0.99096 0.00585
0.98771 0.00731
0.98397 0.00896
0.97975 0.01077
0.97504 0.01274
0.96985 0.01483
0.96418 0.01705
0.95805 0.01938
0.95146 0.02179
0.94442 0.02428
0.93692 0.02684
0.92899 0.02945
0.92063 0.03210
0.91184 0.03480
0.90264 0.03752
0.89303 0.04028
0.88302 0.04305
0.87263 0.04584
0.86187 0.04865
0.85074 0.05146
0.83925 0.05429
0.82743 0.05711
0.81528 0.05994
0.80280 0.06277
0.79003 0.06558
0.77696 0.06838
0.76361 0.07116
0.75000 0.07391
0.73614 0.07662
0.72203 0.07929
0.70771 0.08190
0.69317 0.08445
0.67844 0.08694
0.66353 0.08934
0.64846 0.09166
0.63324 0.09389
0.61788 0.09601
0.60240 0.09804
0.58682 0.09995
0.57116 0.10175
0.55542 0.10343
0.53962 0.10499
0.52379 0.10643
0.50793 0.10773
0.49207 0.10891
0.47621 0.10996
0.46038 0.11087
0.44458 0.11164
0.42884 0.11227
0.41318 0.11276
0.39760 0.11310
0.38212 0.11328
0.36676 0.11331
0.35154 0.11318
0.33647 0.11289
0.32156 0.11243
0.30683 0.11180
0.29229 0.11099
0.27797 0.11001
0.26386 0.10884
0.25000 0.10750
0.23639 0.10598
0.22304 0.10428
0.20997 0.10241
0.19720 0.10036
0.18472 0.09815
0.17257 0.09578
0.16075 0.09326
0.14926 0.09058
0.13813 0.08778
0.12737 0.08484
0.11698 0.08179
0.10697 0.07862
0.09736 0.07536
0.08816 0.07201
0.07937 0.06858
0.07101 0.06508
0.06308 0.06152
0.05558 0.05790
0.04854 0.05423
0.04195 0.05052
0.03582 0.04677
0.03015 0.04299
0.02496 0.03918
0.02025 0.03535
0.01603 0.03149
0.01229 0.02762
0.00904 0.02372
0.00628 0.01981
0.00402 0.01587
0.00226 0.01193
0.00101 0.00797
0.00025 0.00399
0.00000 0.00000
0.00025 -0.00342
0.00101 -0.00675
0.00226 -0.00997
0.00402 -0.01310
0.00628 -0.01613
0.00904 -0.01906
0.01229 -0.02189
0.01603 -0.02461
0.02025 -0.02723
0.02496 -0.02974
0.03015 -0.03215
0.03582 -0.03444
0.04195 -0.03663
0.04854 -0.03871
0.05558 -0.04067
0.06308 -0.04253
0.07101 -0.04428
0.07937 -0.04591
0.08816 -0.04743
0.09736 -0.04885
0.10697 -0.05015
0.11698 -0.05135
0.12737 -0.05244
0.13813 -0.05343
0.14926 -0.05432
0.16075 -0.05510
0.17257 -0.05580
0.18472 -0.05640
0.19720 -0.05691
0.20997 -0.05734
0.22304 -0.05768
0.23639 -0.05795
0.25000 -0.05815
0.26386 -0.05828
0.27797 -0.05835
0.29229 -0.05835
0.30683 -0.05831
0.32156 -0.05821
0.33647 -0.05807
0.35154 -0.05788
0.36676 -0.05766
0.38212 -0.05740
0.39760 -0.05712
0.41318 -0.05680
0.42884 -0.05645
0.44458 -0.05608
0.46038 -0.05569
0.47621 -0.05528
0.49207 -0.05485
0.50793 -0.05440
0.52379 -0.05393
0.53962 -0.05344
0.55542 -0.05293
0.57116 -0.05239
0.58682 -0.05184
0.60240 -0.05126
0.61788 -0.05066
0.63324 -0.05003
0.64846 -0.04937
0.66353 -0.04869
0.67844 -0.04797
0.69317 -0.04721
0.70771 -0.04643
0.72203 -0.04560
0.73614 -0.04474
0.75000 -0.04385
0.76361 -0.04291
0.77696 -0.04194
0.79003 -0.04092
0.80280 -0.03988
0.81528 -0.03880
0.82743 -0.03768
0.83925 -0.03654
0.85074 -0.03536
0.86187 -0.03417
0.87263 -0.03295
0.88302 -0.03172
0.89303 -0.03048
0.90264 -0.02924
0.91184 -0.02799
0.92063 -0.02676
0.92899 -0.02554
0.93692 -0.02434
0.94442 -0.02316
0.95146 -0.02203
0.95805 -0.02093
0.96418 -0.01988
0.96985 -0.01889
0.97504 -0.01796
0.97975 -0.01710
0.98397 -0.01631
0.98771 -0.01560
0.99096 -0.01497
0.99372 -0.01443
0.99598 -0.01399
0.99774 -0.01364
0.99899 -0.01338
0.99975 -0.01323
1.00000 -0.01318
