Profile9.txt
1.00000 0.00028
0.99975 0.00035
0.99899 0.00055
0.99774 0.00087
0.99598 0.00133
0.99372 0.00193
0.99096 0.00265
0.98771 0.00351
0.98397 0.00449
0.97975 0.00561
0.97504 0.00686
0.96985 0.00823
0.96418 0.00973
0.95805 0.01135
0.95146 0.01308
0.94442 0.01491
0.93692 0.01685
0.92899 0.01888
0.92063 0.02100
0.91184 0.02320
0.90264 0.02546
0.89303 0.02779
0.88302 0.03016
0.87263 0.03258
0.86187 0.03504
0.85074 0.03752
0.83925 0.04003
0.82743 0.04255
0.81528 0.04508
0.80280 0.04762
0.79003 0.05016
0.77696 0.05269
0.76361 0.05521
0.75000 0.05773
0.73614 0.06022
0.72203 0.06269
0.70771 0.06514
0.69317 0.06755
0.67844 0.06992
0.66353 0.07225
0.64846 0.07452
0.63324 0.07673
0.61788 0.07888
0.60240 0.08095
0.58682 0.08294
0.57116 0.08484
0.55542 0.08665
0.53962 0.08835
0.52379 0.08994
0.50793 0.09142
0.49207 0.09279
0.47621 0.09402
0.46038 0.09513
0.44458 0.09611
0.42884 0.09695
0.41318 0.09765
0.39760 0.09821
0.38212 0.09861
0.36676 0.09887
0.35154 0.09897
0.33647 0.09890
0.32156 0.09867
0.30683 0.09827
0.29229 0.09769
0.27797 0.09693
0.26386 0.09599
0.25000 0.09487
0.23639 0.09355
0.22304 0.09206
0.20997 0.09038
0.19720 0.08853
0.18472 0.08651
0.17257 0.08432
0.16075 0.08199
0.14926 0.07953
0.13813 0.07694
0.12737 0.07424
0.11698 0.07146
0.10697 0.06861
0.09736 0.06569
0.08816 0.06274
0.07937 0.05976
0.07101 0.05676
0.06308 0.05375
0.05558 0.05073
0.04854 0.04771
0.04195 0.04469
0.03582 0.04166
0.03015 0.03862
0.02496 0.03554
0.02025 0.03242
0.01603 0.02925
0.01229 0.02601
0.00904 0.02267
0.00628 0.01923
0.00402 0.01567
0.00226 0.01198
0.00101 0.00814
0.00025 0.00415
0.00000 0.00000
0.00025 -0.00251
0.00101 -0.00490
0.00226 -0.00717
0.00402 -0.00932
0.00628 -0.01134
0.00904 -0.01324
0.01229 -0.01502
0.01603 -0.01668
0.02025 -0.01822
0.02496 -0.01964
0.03015 -0.02094
0.03582 -0.02213
0.04195 -0.02320
0.04854 -0.02417
0.05558 -0.02502
0.06308 -0.02577
0.07101 -0.02641
0.07937 -0.02695
0.08816 -0.02740
0.09736 -0.02775
0.10697 -0.02801
0.11698 -0.02818
0.12737 -0.02826
0.13813 -0.02827
0.14926 -0.02820
0.16075 -0.02806
0.17257 -0.02785
0.18472 -0.02758
0.19720 -0.02725
0.20997 -0.02686
0.22304 -0.02642
0.23639 -0.02594
0.25000 -0.02542
0.26386 -0.02485
0.27797 -0.02426
0.29229 -0.02363
0.30683 -0.02298
0.32156 -0.02231
0.33647 -0.02163
0.35154 -0.02093
0.36676 -0.02022
0.38212 -0.01950
0.39760 -0.01878
0.41318 -0.01807
0.42884 -0.01736
0.44458 -0.01665
0.46038 -0.01595
0.47621 -0.01527
0.49207 -0.01459
0.50793 -0.01394
0.52379 -0.01330
0.53962 -0.01268
0.55542 -0.01207
0.57116 -0.01149
0.58682 -0.01093
0.60240 -0.01040
0.61788 -0.00988
0.63324 -0.00939
0.64846 -0.00892
0.66353 -0.00848
0.67844 -0.00805
0.69317 -0.00765
0.70771 -0.00728
0.72203 -0.00692
0.73614 -0.00658
0.75000 -0.00626
0.76361 -0.00597
0.77696 -0.00569
0.79003 -0.00543
0.80280 -0.00518
0.81528 -0.00495
0.82743 -0.00473
0.83925 -0.00453
0.85074 -0.00434
0.86187 -0.00417
0.87263 -0.00400
0.88302 -0.00385
0.89303 -0.00370
0.90264 -0.00357
0.91184 -0.00344
0.92063 -0.00333
0.92899 -0.00322
0.93692 -0.00311
0.94442 -0.00302
0.95146 -0.00293
0.95805 -0.00285
0.96418 -0.00277
0.96985 -0.00270
0.97504 -0.00264
0.97975 -0.00258
0.98397 -0.00253
0.98771 -0.00249
0.99096 -0.00245
0.99372 -0.00241
0.99598 -0.00239
0.99774 -0.00237
0.99899 -0.00235
0.99975 -0.00234
1.00000 -0.00234
