Profile7.txt
1.00000 0.00239
0.99975 0.00248
0.99899 0.00276
0.99774 0.00323
0.99598 0.00387
0.99372 0.00467
0.99096 0.00562
0.98771 0.00671
0.98397 0.00791
0.97975 0.00921
0.97504 0.01059
0.96985 0.01204
0.96418 0.01353
0.95805 0.01505
0.95146 0.01660
0.94442 0.01816
0.93692 0.01972
0.92899 0.02128
0.92063 0.02285
0.91184 0.02441
0.90264 0.02597
0.89303 0.02755
0.88302 0.02914
0.87263 0.03076
0.86187 0.03240
0.85074 0.03409
0.83925 0.03582
0.82743 0.03760
0.81528 0.03943
0.80280 0.04131
0.79003 0.04325
0.77696 0.04523
0.76361 0.04724
0.75000 0.04929
0.73614 0.05134
0.72203 0.05340
0.70771 0.05543
0.69317 0.05743
0.67844 0.05938
0.66353 0.06126
0.64846 0.06305
0.63324 0.06475
0.61788 0.06633
0.60240 0.06780
0.58682 0.06914
0.57116 0.07036
0.55542 0.07145
0.53962 0.07241
0.52379 0.07326
0.50793 0.07399
0.49207 0.07462
0.47621 0.07516
0.46038 0.07561
0.44458 0.07599
0.42884 0.07630
0.41318 0.07654
0.39760 0.07673
0.38212 0.07685
0.36676 0.07691
0.35154 0.07691
0.33647 0.07683
0.32156 0.07666
0.30683 0.07640
0.29229 0.07603
0.27797 0.07554
0.26386 0.07492
0.25000 0.07416
0.23639 0.07326
0.22304 0.07221
0.20997 0.07100
0.19720 0.06965
0.18472 0.06817
0.17257 0.06656
0.16075 0.06484
0.14926 0.06303
0.13813 0.06115
0.12737 0.05923
0.11698 0.05729
0.10697 0.05536
0.09736 0.05344
0.08816 0.05156
0.07937 0.04974
0.07101 0.04796
0.06308 0.04624
0.05558 0.04457
0.04854 0.04292
0.04195 0.04127
0.03582 0.03959
0.03015 0.03784
0.02496 0.03598
0.02025 0.03395
0.01603 0.03170
0.01229 0.02918
0.00904 0.02634
0.00628 0.02312
0.00402 0.01947
0.00226 0.01537
0.00101 0.01077
0.00025 0.00565
0.00000 0.00000
0.00025 -0.00168
0.00101 -0.00322
0.00226 -0.00463
0.00402 -0.00590
0.00628 -0.00704
0.00904 -0.00804
0.01229 -0.00892
0.01603 -0.00967
0.02025 -0.01029
0.02496 -0.01079
0.03015 -0.01118
0.03582 -0.01145
0.04195 -0.01162
0.04854 -0.01168
0.05558 -0.01164
0.06308 -0.01151
0.07101 -0.01129
0.07937 -0.01099
0.08816 -0.01061
0.09736 -0.01016
0.10697 -0.00965
0.11698 -0.00909
0.12737 -0.00847
0.13813 -0.00781
0.14926 -0.00712
0.16075 -0.00639
0.17257 -0.00565
0.18472 -0.00488
0.19720 -0.00411
0.20997 -0.00333
0.22304 -0.00255
0.23639 -0.00178
0.25000 -0.00103
0.26386 -0.00029
0.27797 0.00042
0.29229 0.00111
0.30683 0.00176
0.32156 0.00238
0.33647 0.00295
0.35154 0.00348
0.36676 0.00397
0.38212 0.00440
0.39760 0.00479
0.41318 0.00512
0.42884 0.00540
0.44458 0.00563
0.46038 0.00580
0.47621 0.00591
0.49207 0.00597
0.50793 0.00598
0.52379 0.00594
0.53962 0.00584
0.55542 0.00569
0.57116 0.00550
0.58682 0.00526
0.60240 0.00499
0.61788 0.00467
0.63324 0.00431
0.64846 0.00392
0.66353 0.00350
0.67844 0.00306
0.69317 0.00259
0.70771 0.00210
0.72203 0.00159
0.73614 0.00108
0.75000 0.00055
0.76361 0.00001
0.77696 -0.00053
0.79003 -0.00107
0.80280 -0.00161
0.81528 -0.00215
0.82743 -0.00267
0.83925 -0.00319
0.85074 -0.00370
0.86187 -0.00419
0.87263 -0.00467
0.88302 -0.00513
0.89303 -0.00558
0.90264 -0.00600
0.91184 -0.00640
0.92063 -0.00679
0.92899 -0.00715
0.93692 -0.00749
0.94442 -0.00781
0.95146 -0.00811
0.95805 -0.00838
0.96418 -0.00863
0.96985 -0.00886
0.97504 -0.00907
0.97975 -0.00926
0.98397 -0.00943
0.98771 -0.00958
0.99096 -0.00970
0.99372 -0.00981
0.99598 -0.00989
0.99774 -0.00996
0.99899 -0.01001
0.99975 -0.01004
1.00000 -0.01005
