Profile25.txt
1.00000 0.00161
0.99975 0.00171
0.99899 0.00199
0.99774 0.00247
0.99598 0.00312
0.99372 0.00396
0.99096 0.00495
0.98771 0.00611
0.98397 0.00740
0.97975 0.00884
0.97504 0.01039
0.96985 0.01206
0.96418 0.01384
0.95805 0.01571
0.95146 0.01767
0.94442 0.01971
0.93692 0.02184
0.92899 0.02404
0.92063 0.02632
0.91184 0.02868
0.90264 0.03112
0.89303 0.03364
0.88302 0.03625
0.87263 0.03893
0.86187 0.04169
0.85074 0.04453
0.83925 0.04744
0.82743 0.05042
0.81528 0.05346
0.80280 0.05654
0.79003 0.05966
0.77696 0.06280
0.76361 0.06594
0.75000 0.06906
0.73614 0.07214
0.72203 0.07517
0.70771 0.07813
0.69317 0.08099
0.67844 0.08374
0.66353 0.08637
0.64846 0.08885
0.63324 0.09119
0.61788 0.09336
0.60240 0.09536
0.58682 0.09720
0.57116 0.09887
0.55542 0.10037
0.53962 0.10171
0.52379 0.10289
0.50793 0.10392
0.49207 0.10481
0.47621 0.10556
0.46038 0.10619
0.44458 0.10670
0.42884 0.10710
0.41318 0.10739
0.39760 0.10757
0.38212 0.10764
0.36676 0.10760
0.35154 0.10745
0.33647 0.10717
0.32156 0.10676
0.30683 0.10621
0.29229 0.10550
0.27797 0.10464
0.26386 0.10359
0.25000 0.10236
0.23639 0.10094
0.22304 0.09931
0.20997 0.09747
0.19720 0.09541
0.18472 0.09315
0.17257 0.09067
0.16075 0.08798
0.14926 0.08510
0.13813 0.08203
0.12737 0.07880
0.11698 0.07540
0.10697 0.07188
0.09736 0.06823
0.08816 0.06449
0.07937 0.06069
0.07101 0.05683
0.06308 0.05294
0.05558 0.04905
0.04854 0.04517
0.04195 0.04133
0.03582 0.03754
0.03015 0.03381
0.02496 0.03017
0.02025 0.02661
0.01603 0.02316
0.01229 0.01982
0.00904 0.01660
0.00628 0.01351
0.00402 0.01054
0.00226 0.00770
0.00101 0.00500
0.00025 0.00243
0.00000 0.00000
0.00025 -0.00244
0.00101 -0.00466
0.00226 -0.00667
0.00402 -0.00847
0.00628 -0.01006
0.00904 -0.01145
0.01229 -0.01263
0.01603 -0.01362
0.02025 -0.01441
0.02496 -0.01501
0.03015 -0.01543
0.03582 -0.01568
0.04195 -0.01576
0.04854 -0.01568
0.05558 -0.01545
0.06308 -0.01508
0.07101 -0.01457
0.07937 -0.01394
0.08816 -0.01320
0.09736 -0.01235
0.10697 -0.01141
0.11698 -0.01039
0.12737 -0.00929
0.13813 -0.00812
0.14926 -0.00691
0.16075 -0.00565
0.17257 -0.00436
0.18472 -0.00304
0.19720 -0.00171
0.20997 -0.00037
0.22304 0.00096
0.23639 0.00228
0.25000 0.00358
0.26386 0.00485
0.27797 0.00609
0.29229 0.00728
0.30683 0.00843
0.32156 0.00952
0.33647 0.01056
0.35154 0.01153
0.36676 0.01243
0.38212 0.01326
0.39760 0.01402
0.41318 0.01470
0.42884 0.01530
0.44458 0.01582
0.46038 0.01626
0.47621 0.01662
0.49207 0.01689
0.50793 0.01709
0.52379 0.01720
0.53962 0.01724
0.55542 0.01720
0.57116 0.01708
0.58682 0.01689
0.60240 0.01663
0.61788 0.01631
0.63324 0.01592
0.64846 0.01548
0.66353 0.01497
0.67844 0.01442
0.69317 0.01381
0.70771 0.01317
0.72203 0.01248
0.73614 0.01176
0.75000 0.01100
0.76361 0.01022
0.77696 0.00942
0.79003 0.00860
0.80280 0.00776
0.81528 0.00692
0.82743 0.00607
0.83925 0.00521
0.85074 0.00436
0.86187 0.00351
0.87263 0.00267
0.88302 0.00185
0.89303 0.00104
0.90264 0.00025
0.91184 -0.00052
0.92063 -0.00127
0.92899 -0.00199
0.93692 -0.00268
0.94442 -0.00334
0.95146 -0.00397
0.95805 -0.00456
0.96418 -0.00511
0.96985 -0.00563
0.97504 -0.00610
0.97975 -0.00653
0.98397 -0.00692
0.98771 -0.00727
0.99096 -0.00757
0.99372 -0.00783
0.99598 -0.00804
0.99774 -0.00821
0.99899 -0.00833
0.99975 -0.00840
1.00000 -0.00842
