Profile8.txt
1.00000 -0.00226
0.99975 -0.00206
0.99899 -0.00148
0.99774 -0.00055
0.99598 0.00069
0.99372 0.00220
0.99096 0.00390
0.98771 0.00572
0.98397 0.00759
0.97975 0.00943
0.97504 0.01117
0.96985 0.01276
0.96418 0.01413
0.95805 0.01526
0.95146 0.01612
0.94442 0.01671
0.93692 0.01703
0.92899 0.01713
0.92063 0.01704
0.91184 0.01681
0.90264 0.01650
0.89303 0.01619
0.88302 0.01594
0.87263 0.01582
0.86187 0.01589
0.85074 0.01620
0.83925 0.01680
0.82743 0.01772
0.81528 0.01897
0.80280 0.02056
0.79003 0.02247
0.77696 0.02468
0.76361 0.02716
0.75000 0.02985
0.73614 0.03270
0.72203 0.03567
0.70771 0.03869
0.69317 0.04170
0.67844 0.04466
0.66353 0.04751
0.64846 0.05023
0.63324 0.05277
0.61788 0.05513
0.60240 0.05728
0.58682 0.05922
0.57116 0.06095
0.55542 0.06249
0.53962 0.06385
0.52379 0.06504
0.50793 0.06608
0.49207 0.06698
0.47621 0.06775
0.46038 0.06842
0.44458 0.06897
0.42884 0.06942
0.41318 0.06977
0.39760 0.07000
0.38212 0.07012
0.36676 0.07011
0.35154 0.06996
0.33647 0.06966
0.32156 0.06920
0.30683 0.06859
0.29229 0.06782
0.27797 0.06689
0.26386 0.06581
0.25000 0.06459
0.23639 0.06324
0.22304 0.06178
0.20997 0.06023
0.19720 0.05861
0.18472 0.05694
0.17257 0.05523
0.16075 0.05350
0.14926 0.05175
0.13813 0.04999
0.12737 0.04823
0.11698 0.04646
0.10697 0.04467
0.09736 0.04285
0.08816 0.04099
0.07937 0.03908
0.07101 0.03710
0.06308 0.03504
0.05558 0.03289
0.04854 0.03065
0.04195 0.02833
0.03582 0.02592
0.03015 0.02345
0.02496 0.02093
0.02025 0.01839
0.01603 0.01586
0.01229 0.01338
0.00904 0.01097
0.00628 0.00868
0.00402 0.00654
0.00226 0.00458
0.00101 0.00282
0.00025 0.00129
0.00000 0.00000
0.00025 -0.00396
0.00101 -0.00763
0.00226 -0.01102
0.00402 -0.01412
0.00628 -0.01693
0.00904 -0.01947
0.01229 -0.02173
0.01603 -0.02372
0.02025 -0.02544
0.02496 -0.02691
0.03015 -0.02813
0.03582 -0.02911
0.04195 -0.02986
0.04854 -0.03039
0.05558 -0.03070
0.06308 -0.03082
0.07101 -0.03075
0.07937 -0.03050
0.08816 -0.03008
0.09736 -0.02952
0.10697 -0.02882
0.11698 -0.02799
0.12737 -0.02704
0.13813 -0.02600
0.14926 -0.02487
0.16075 -0.02366
0.17257 -0.02240
0.18472 -0.02108
0.19720 -0.01973
0.20997 -0.01835
0.22304 -0.01695
0.23639 -0.01556
0.25000 -0.01416
0.26386 -0.01279
0.27797 -0.01144
0.29229 -0.01012
0.30683 -0.00884
0.32156 -0.00761
0.33647 -0.00644
0.35154 -0.00532
0.36676 -0.00427
0.38212 -0.00329
0.39760 -0.00238
0.41318 -0.00154
0.42884 -0.00079
0.44458 -0.00011
0.46038 0.00049
0.47621 0.00101
0.49207 0.00146
0.50793 0.00182
0.52379 0.00211
0.53962 0.00233
0.55542 0.00247
0.57116 0.00255
0.58682 0.00256
0.60240 0.00251
0.61788 0.00241
0.63324 0.00225
0.64846 0.00205
0.66353 0.00180
0.67844 0.00152
0.69317 0.00120
0.70771 0.00085
0.72203 0.00048
0.73614 0.00009
0.75000 -0.00032
0.76361 -0.00074
0.77696 -0.00117
0.79003 -0.00160
0.80280 -0.00203
0.81528 -0.00246
0.82743 -0.00289
0.83925 -0.00330
0.85074 -0.00370
0.86187 -0.00409
0.87263 -0.00446
0.88302 -0.00482
0.89303 -0.00516
0.90264 -0.00548
0.91184 -0.00578
0.92063 -0.00606
0.92899 -0.00632
0.93692 -0.00657
0.94442 -0.00679
0.95146 -0.00699
0.95805 -0.00717
0.96418 -0.00734
0.96985 -0.00749
0.97504 -0.00762
0.97975 -0.00773
0.98397 -0.00783
0.98771 -0.00792
0.99096 -0.00799
0.99372 -0.00806
0.99598 -0.00810
0.99774 -0.00814
0.99899 -0.00817
0.99975 -0.00818
1.00000 -0.00819
