Profile13.txt
1.00000 0.00073
0.99975 0.00082
0.99899 0.00109
0.99774 0.00154
0.99598 0.00215
0.99372 0.00291
0.99096 0.00381
0.98771 0.00484
0.98397 0.00596
0.97975 0.00718
0.97504 0.00846
0.96985 0.00980
0.96418 0.01117
0.95805 0.01257
0.95146 0.01398
0.94442 0.01540
0.93692 0.01682
0.92899 0.01825
0.92063 0.01968
0.91184 0.02112
0.90264 0.02257
0.89303 0.02404
0.88302 0.02554
0.87263 0.02707
0.86187 0.02865
0.85074 0.03028
0.83925 0.03196
0.82743 0.03370
0.81528 0.03549
0.80280 0.03733
0.79003 0.03923
0.77696 0.04116
0.76361 0.04312
0.75000 0.04510
0.73614 0.04709
0.72203 0.04906
0.70771 0.05102
0.69317 0.05293
0.67844 0.05479
0.66353 0.05658
0.64846 0.05829
0.63324 0.05992
0.61788 0.06145
0.60240 0.06288
0.58682 0.06420
0.57116 0.06542
0.55542 0.06653
0.53962 0.06753
0.52379 0.06843
0.50793 0.06923
0.49207 0.06993
0.47621 0.07054
0.46038 0.07106
0.44458 0.07149
0.42884 0.07184
0.41318 0.07210
0.39760 0.07228
0.38212 0.07237
0.36676 0.07237
0.35154 0.07227
0.33647 0.07208
0.32156 0.07179
0.30683 0.07139
0.29229 0.07088
0.27797 0.07025
0.26386 0.06950
0.25000 0.06863
0.23639 0.06763
0.22304 0.06651
0.20997 0.06527
0.19720 0.06391
0.18472 0.06243
0.17257 0.06084
0.16075 0.05914
0.14926 0.05734
0.13813 0.05546
0.12737 0.05350
0.11698 0.05146
0.10697 0.04936
0.09736 0.04720
0.08816 0.04500
0.07937 0.04276
0.07101 0.04049
0.06308 0.03819
0.05558 0.03588
0.04854 0.03354
0.04195 0.03120
0.03582 0.02884
0.03015 0.02647
0.02496 0.02410
0.02025 0.02173
0.01603 0.01934
0.01229 0.01695
0.00904 0.01455
0.00628 0.01215
0.00402 0.00974
0.00226 0.00731
0.00101 0.00489
0.00025 0.00245
0.00000 0.00000
0.00025 -0.00262
0.00101 -0.00503
0.00226 -0.00724
0.00402 -0.00923
0.00628 -0.01103
0.00904 -0.01262
0.01229 -0.01401
0.01603 -0.01521
0.02025 -0.01622
0.02496 -0.01705
0.03015 -0.01770
0.03582 -0.01819
0.04195 -0.01852
0.04854 -0.01870
0.05558 -0.01873
0.06308 -0.01864
0.07101 -0.01841
0.07937 -0.01808
0.08816 -0.01763
0.09736 -0.01710
0.10697 -0.01647
0.11698 -0.01577
0.12737 -0.01500
0.13813 -0.01418
0.14926 -0.01330
0.16075 -0.01238
0.17257 -0.01143
0.18472 -0.01046
0.19720 -0.00947
0.20997 -0.00847
0.22304 -0.00746
0.23639 -0.00646
0.25000 -0.00547
0.26386 -0.00449
0.27797 -0.00354
0.29229 -0.00260
0.30683 -0.00169
0.32156 -0.00082
0.33647 0.00002
0.35154 0.00083
0.36676 0.00159
0.38212 0.00232
0.39760 0.00300
0.41318 0.00364
0.42884 0.00423
0.44458 0.00477
0.46038 0.00527
0.47621 0.00572
0.49207 0.00612
0.50793 0.00648
0.52379 0.00678
0.53962 0.00704
0.55542 0.00725
0.57116 0.00742
0.58682 0.00754
0.60240 0.00761
0.61788 0.00764
0.63324 0.00762
0.64846 0.00756
0.66353 0.00745
0.67844 0.00731
0.69317 0.00712
0.70771 0.00690
0.72203 0.00663
0.73614 0.00633
0.75000 0.00600
0.76361 0.00563
0.77696 0.00523
0.79003 0.00479
0.80280 0.00433
0.81528 0.00385
0.82743 0.00334
0.83925 0.00280
0.85074 0.00225
0.86187 0.00169
0.87263 0.00111
0.88302 0.00052
0.89303 -0.00008
0.90264 -0.00068
0.91184 -0.00128
0.92063 -0.00187
0.92899 -0.00246
0.93692 -0.00304
0.94442 -0.00361
0.95146 -0.00416
0.95805 -0.00469
0.96418 -0.00519
0.96985 -0.00567
0.97504 -0.00612
0.97975 -0.00653
0.98397 -0.00691
0.98771 -0.00725
0.99096 -0.00755
0.99372 -0.00781
0.99598 -0.00802
0.99774 -0.00819
0.99899 -0.00831
0.99975 -0.00838
1.00000 -0.00841
