Profile15.txt
1.00000 -0.00048
0.99975 -0.00041
0.99899 -0.00020
0.99774 0.00016
0.99598 0.00065
0.99372 0.00128
0.99096 0.00204
0.98771 0.00292
0.98397 0.00393
0.97975 0.00506
0.97504 0.00629
0.96985 0.00764
0.96418 0.00909
0.95805 0.01063
0.95146 0.01227
0.94442 0.01400
0.93692 0.01581
0.92899 0.01770
0.92063 0.01967
0.91184 0.02171
0.90264 0.02382
0.89303 0.02599
0.88302 0.02823
0.87263 0.03051
0.86187 0.03285
0.85074 0.03522
0.83925 0.03763
0.82743 0.04007
0.81528 0.04253
0.80280 0.04499
0.79003 0.04746
0.77696 0.04992
0.76361 0.05236
0.75000 0.05478
0.73614 0.05718
0.72203 0.05953
0.70771 0.06185
0.69317 0.06412
0.67844 0.06633
0.66353 0.06849
0.64846 0.07059
0.63324 0.07263
0.61788 0.07460
0.60240 0.07650
0.58682 0.07833
0.57116 0.08009
0.55542 0.08177
0.53962 0.08336
0.52379 0.08486
0.50793 0.08626
0.49207 0.08756
0.47621 0.08875
0.46038 0.08982
0.44458 0.09076
0.42884 0.09156
0.41318 0.09221
0.39760 0.09271
0.38212 0.09304
0.36676 0.09320
0.35154 0.09318
0.33647 0.09298
0.32156 0.09260
0.30683 0.09203
0.29229 0.09128
0.27797 0.09035
0.26386 0.08923
0.25000 0.08795
0.23639 0.08650
0.22304 0.08489
0.20997 0.08312
0.19720 0.08122
0.18472 0.07917
0.17257 0.07700
0.16075 0.07471
0.14926 0.07231
0.13813 0.06980
0.12737 0.06719
0.11698 0.06449
0.10697 0.06170
0.09736 0.05882
0.08816 0.05587
0.07937 0.05285
0.07101 0.04977
0.06308 0.04664
0.05558 0.04346
0.04854 0.04025
0.04195 0.03702
0.03582 0.03378
0.03015 0.03055
0.02496 0.02734
0.02025 0.02417
0.01603 0.02105
0.01229 0.01801
0.00904 0.01506
0.00628 0.01221
0.00402 0.00949
0.00226 0.00689
0.00101 0.00444
0.00025 0.00214
0.00000 0.00000
0.00025 -0.00334
0.00101 -0.00648
0.00226 -0.00943
0.00402 -0.01218
0.00628 -0.01474
0.00904 -0.01711
0.01229 -0.01929
0.01603 -0.02129
0.02025 -0.02310
0.02496 -0.02474
0.03015 -0.02621
0.03582 -0.02751
0.04195 -0.02865
0.04854 -0.02964
0.05558 -0.03048
0.06308 -0.03117
0.07101 -0.03173
0.07937 -0.03217
0.08816 -0.03248
0.09736 -0.03268
0.10697 -0.03277
0.11698 -0.03276
0.12737 -0.03267
0.13813 -0.03248
0.14926 -0.03222
0.16075 -0.03189
0.17257 -0.03149
0.18472 -0.03103
0.19720 -0.03052
0.20997 -0.02996
0.22304 -0.02936
0.23639 -0.02873
0.25000 -0.02806
0.26386 -0.02736
0.27797 -0.02665
0.29229 -0.02591
0.30683 -0.02515
0.32156 -0.02439
0.33647 -0.02361
0.35154 -0.02283
0.36676 -0.02204
0.38212 -0.02125
0.39760 -0.02046
0.41318 -0.01968
0.42884 -0.01890
0.44458 -0.01812
0.46038 -0.01736
0.47621 -0.01660
0.49207 -0.01585
0.50793 -0.01511
0.52379 -0.01439
0.53962 -0.01368
0.55542 -0.01298
0.57116 -0.01230
0.58682 -0.01163
0.60240 -0.01099
0.61788 -0.01036
0.63324 -0.00975
0.64846 -0.00916
0.66353 -0.00859
0.67844 -0.00805
0.69317 -0.00752
0.70771 -0.00702
0.72203 -0.00654
0.73614 -0.00609
0.75000 -0.00566
0.76361 -0.00526
0.77696 -0.00488
0.79003 -0.00453
0.80280 -0.00420
0.81528 -0.00390
0.82743 -0.00362
0.83925 -0.00337
0.85074 -0.00314
0.86187 -0.00293
0.87263 -0.00275
0.88302 -0.00259
0.89303 -0.00245
0.90264 -0.00233
0.91184 -0.00223
0.92063 -0.00215
0.92899 -0.00208
0.93692 -0.00203
0.94442 -0.00199
0.95146 -0.00197
0.95805 -0.00195
0.96418 -0.00194
0.96985 -0.00194
0.97504 -0.00195
0.97975 -0.00195
0.98397 -0.00197
0.98771 -0.00198
0.99096 -0.00200
0.99372 -0.00201
0.99598 -0.00202
0.99774 -0.00203
0.99899 -0.00204
0.99975 -0.00205
1.00000 -0.00205
