Profile17.txt
1.00000 0.00068
0.99975 0.00076
0.99899 0.00100
0.99774 0.00140
0.99598 0.00195
0.99372 0.00264
0.99096 0.00348
0.98771 0.00446
0.98397 0.00556
0.97975 0.00678
0.97504 0.00810
0.96985 0.00952
0.96418 0.01103
0.95805 0.01262
0.95146 0.01428
0.94442 0.01600
0.93692 0.01777
0.92899 0.01958
0.92063 0.02143
0.91184 0.02331
0.90264 0.02521
0.89303 0.02714
0.88302 0.02909
0.87263 0.03106
0.86187 0.03304
0.85074 0.03504
0.83925 0.03704
0.82743 0.03906
0.81528 0.04109
0.80280 0.04313
0.79003 0.04518
0.77696 0.04722
0.76361 0.04927
0.75000 0.05130
0.73614 0.05333
0.72203 0.05534
0.70771 0.05731
0.69317 0.05926
0.67844 0.06116
0.66353 0.06301
0.64846 0.06480
0.63324 0.06652
0.61788 0.06817
0.60240 0.06973
0.58682 0.07120
0.57116 0.07257
0.55542 0.07384
0.53962 0.07501
0.52379 0.07607
0.50793 0.07703
0.49207 0.07788
0.47621 0.07861
0.46038 0.07924
0.44458 0.07977
0.42884 0.08018
0.41318 0.08049
0.39760 0.08070
0.38212 0.08079
0.36676 0.08078
0.35154 0.08066
0.33647 0.08043
0.32156 0.08007
0.30683 0.07960
0.29229 0.07900
0.27797 0.07828
0.26386 0.07742
0.25000 0.07643
0.23639 0.07529
0.22304 0.07402
0.20997 0.07261
0.19720 0.07107
0.18472 0.06940
0.17257 0.06760
0.16075 0.06569
0.14926 0.06367
0.13813 0.06155
0.12737 0.05936
0.11698 0.05710
0.10697 0.05478
0.09736 0.05242
0.08816 0.05004
0.07937 0.04764
0.07101 0.04522
0.06308 0.04281
0.05558 0.04040
0.04854 0.03799
0.04195 0.03559
0.03582 0.03319
0.03015 0.03077
0.02496 0.02834
0.02025 0.02587
0.01603 0.02336
0.01229 0.02079
0.00904 0.01814
0.00628 0.01541
0.00402 0.01257
0.00226 0.00962
0.00101 0.00655
0.00025 0.00334
0.00000 0.00000
0.00025 -0.00188
0.00101 -0.00362
0.00226 -0.00521
0.00402 -0.00667
0.00628 -0.00799
0.00904 -0.00917
0.01229 -0.01022
0.01603 -0.01112
0.02025 -0.01190
0.02496 -0.01255
0.03015 -0.01307
0.03582 -0.01347
0.04195 -0.01375
0.04854 -0.01391
0.05558 -0.01396
0.06308 -0.01390
0.07101 -0.01375
0.07937 -0.01349
0.08816 -0.01314
0.09736 -0.01271
0.10697 -0.01219
0.11698 -0.01160
0.12737 -0.01094
0.13813 -0.01022
0.14926 -0.00944
0.16075 -0.00861
0.17257 -0.00774
0.18472 -0.00683
0.19720 -0.00589
0.20997 -0.00492
0.22304 -0.00393
0.23639 -0.00294
0.25000 -0.00193
0.26386 -0.00092
0.27797 0.00008
0.29229 0.00106
0.30683 0.00204
0.32156 0.00299
0.33647 0.00391
0.35154 0.00480
0.36676 0.00566
0.38212 0.00648
0.39760 0.00725
0.41318 0.00797
0.42884 0.00864
0.44458 0.00926
0.46038 0.00983
0.47621 0.01033
0.49207 0.01078
0.50793 0.01116
0.52379 0.01148
0.53962 0.01174
0.55542 0.01193
0.57116 0.01206
0.58682 0.01213
0.60240 0.01214
0.61788 0.01208
0.63324 0.01197
0.64846 0.01179
0.66353 0.01156
0.67844 0.01128
0.69317 0.01095
0.70771 0.01056
0.72203 0.01013
0.73614 0.00966
0.75000 0.00915
0.76361 0.00860
0.77696 0.00802
0.79003 0.00742
0.80280 0.00678
0.81528 0.00613
0.82743 0.00545
0.83925 0.00476
0.85074 0.00406
0.86187 0.00336
0.87263 0.00265
0.88302 0.00194
0.89303 0.00124
0.90264 0.00055
0.91184 -0.00014
0.92063 -0.00081
0.92899 -0.00146
0.93692 -0.00209
0.94442 -0.00270
0.95146 -0.00328
0.95805 -0.00383
0.96418 -0.00436
0.96985 -0.00485
0.97504 -0.00530
0.97975 -0.00572
0.98397 -0.00609
0.98771 -0.00643
0.99096 -0.00672
0.99372 -0.00697
0.99598 -0.00718
0.99774 -0.00734
0.99899 -0.00746
0.99975 -0.00753
1.00000 -0.00755
