Profile5.txt
1.00000 0.00051
0.99975 0.00057
0.99899 0.00076
0.99774 0.00107
0.99598 0.00151
0.99372 0.00208
0.99096 0.00278
0.98771 0.00361
0.98397 0.00457
0.97975 0.00566
0.97504 0.00689
0.96985 0.00824
0.96418 0.00972
0.95805 0.01133
0.95146 0.01306
0.94442 0.01489
0.93692 0.01684
0.92899 0.01888
0.92063 0.02101
0.91184 0.02323
0.90264 0.02551
0.89303 0.02785
0.88302 0.03025
0.87263 0.03269
0.86187 0.03516
0.85074 0.03766
0.83925 0.04019
0.82743 0.04272
0.81528 0.04527
0.80280 0.04782
0.79003 0.05037
0.77696 0.05292
0.76361 0.05546
0.75000 0.05799
0.73614 0.06050
0.72203 0.06300
0.70771 0.06547
0.69317 0.06791
0.67844 0.07032
0.66353 0.07268
0.64846 0.07500
0.63324 0.07725
0.61788 0.07944
0.60240 0.08155
0.58682 0.08358
0.57116 0.08552
0.55542 0.08736
0.53962 0.08910
0.52379 0.09073
0.50793 0.09224
0.49207 0.09363
0.47621 0.09490
0.46038 0.09603
0.44458 0.09704
0.42884 0.09791
0.41318 0.09864
0.39760 0.09924
0.38212 0.09968
0.36676 0.09998
0.35154 0.10012
0.33647 0.10011
0.32156 0.09993
0.30683 0.09958
0.29229 0.09905
0.27797 0.09834
0.26386 0.09745
0.25000 0.09637
0.23639 0.09510
0.22304 0.09364
0.20997 0.09199
0.19720 0.09016
0.18472 0.08816
0.17257 0.08599
0.16075 0.08368
0.14926 0.08122
0.13813 0.07865
0.12737 0.07598
0.11698 0.07322
0.10697 0.07041
0.09736 0.06755
0.08816 0.06466
0.07937 0.06175
0.07101 0.05885
0.06308 0.05594
0.05558 0.05304
0.04854 0.05015
0.04195 0.04724
0.03582 0.04433
0.03015 0.04138
0.02496 0.03837
0.02025 0.03529
0.01603 0.03211
0.01229 0.02881
0.00904 0.02534
0.00628 0.02169
0.00402 0.01784
0.00226 0.01376
0.00101 0.00943
0.00025 0.00485
0.00000 0.00000
0.00025 -0.00219
0.00101 -0.00427
0.00226 -0.00626
0.00402 -0.00815
0.00628 -0.00993
0.00904 -0.01162
0.01229 -0.01321
0.01603 -0.01469
0.02025 -0.01608
0.02496 -0.01736
0.03015 -0.01855
0.03582 -0.01963
0.04195 -0.02062
0.04854 -0.02152
0.05558 -0.02232
0.06308 -0.02303
0.07101 -0.02364
0.07937 -0.02416
0.08816 -0.02460
0.09736 -0.02495
0.10697 -0.02522
0.11698 -0.02540
0.12737 -0.02551
0.13813 -0.02554
0.14926 -0.02550
0.16075 -0.02539
0.17257 -0.02522
0.18472 -0.02498
0.19720 -0.02469
0.20997 -0.02434
0.22304 -0.02394
0.23639 -0.02349
0.25000 -0.02301
0.26386 -0.02248
0.27797 -0.02192
0.29229 -0.02133
0.30683 -0.02071
0.32156 -0.02008
0.33647 -0.01942
0.35154 -0.01875
0.36676 -0.01807
0.38212 -0.01738
0.39760 -0.01669
0.41318 -0.01600
0.42884 -0.01532
0.44458 -0.01464
0.46038 -0.01397
0.47621 -0.01331
0.49207 -0.01267
0.50793 -0.01204
0.52379 -0.01143
0.53962 -0.01084
0.55542 -0.01027
0.57116 -0.00973
0.58682 -0.00921
0.60240 -0.00871
0.61788 -0.00823
0.63324 -0.00778
0.64846 -0.00736
0.66353 -0.00695
0.67844 -0.00658
0.69317 -0.00622
0.70771 -0.00589
0.72203 -0.00558
0.73614 -0.00530
0.75000 -0.00503
0.76361 -0.00478
0.77696 -0.00455
0.79003 -0.00434
0.80280 -0.00414
0.81528 -0.00396
0.82743 -0.00379
0.83925 -0.00364
0.85074 -0.00349
0.86187 -0.00336
0.87263 -0.00324
0.88302 -0.00312
0.89303 -0.00302
0.90264 -0.00292
0.91184 -0.00283
0.92063 -0.00274
0.92899 -0.00266
0.93692 -0.00259
0.94442 -0.00252
0.95146 -0.00245
0.95805 -0.00239
0.96418 -0.00234
0.96985 -0.00228
0.97504 -0.00224
0.97975 -0.00219
0.98397 -0.00215
0.98771 -0.00212
0.99096 -0.00209
0.99372 -0.00206
0.99598 -0.00204
0.99774 -0.00203
0.99899 -0.00202
0.99975 -0.00201
1.00000 -0.00201
