Profile10.txt
1.00000 0.00051
0.99975 0.00057
0.99899 0.00076
0.99774 0.00107
0.99598 0.00152
0.99372 0.00209
0.99096 0.00280
0.98771 0.00364
0.98397 0.00462
0.97975 0.00573
0.97504 0.00698
0.96985 0.00836
0.96418 0.00987
0.95805 0.01151
0.95146 0.01328
0.94442 0.01516
0.93692 0.01714
0.92899 0.01923
0.92063 0.02140
0.91184 0.02365
0.90264 0.02597
0.89303 0.02835
0.88302 0.03077
0.87263 0.03323
0.86187 0.03572
0.85074 0.03824
0.83925 0.04077
0.82743 0.04331
0.81528 0.04586
0.80280 0.04842
0.79003 0.05097
0.77696 0.05353
0.76361 0.05608
0.75000 0.05862
0.73614 0.06116
0.72203 0.06368
0.70771 0.06618
0.69317 0.06866
0.67844 0.07111
0.66353 0.07351
0.64846 0.07587
0.63324 0.07817
0.61788 0.08040
0.60240 0.08256
0.58682 0.08462
0.57116 0.08659
0.55542 0.08846
0.53962 0.09021
0.52379 0.09185
0.50793 0.09336
0.49207 0.09474
0.47621 0.09600
0.46038 0.09712
0.44458 0.09811
0.42884 0.09896
0.41318 0.09968
0.39760 0.10026
0.38212 0.10070
0.36676 0.10099
0.35154 0.10114
0.33647 0.10114
0.32156 0.10098
0.30683 0.10066
0.29229 0.10017
0.27797 0.09950
0.26386 0.09864
0.25000 0.09760
0.23639 0.09636
0.22304 0.09493
0.20997 0.09330
0.19720 0.09148
0.18472 0.08947
0.17257 0.08729
0.16075 0.08494
0.14926 0.08244
0.13813 0.07981
0.12737 0.07708
0.11698 0.07425
0.10697 0.07135
0.09736 0.06841
0.08816 0.06544
0.07937 0.06246
0.07101 0.05948
0.06308 0.05651
0.05558 0.05356
0.04854 0.05062
0.04195 0.04769
0.03582 0.04476
0.03015 0.04180
0.02496 0.03880
0.02025 0.03572
0.01603 0.03255
0.01229 0.02924
0.00904 0.02577
0.00628 0.02210
0.00402 0.01821
0.00226 0.01407
0.00101 0.00967
0.00025 0.00498
0.00000 0.00000
0.00025 -0.00223
0.00101 -0.00435
0.00226 -0.00638
0.00402 -0.00831
0.00628 -0.01015
0.00904 -0.01188
0.01229 -0.01351
0.01603 -0.01505
0.02025 -0.01649
0.02496 -0.01782
0.03015 -0.01906
0.03582 -0.02020
0.04195 -0.02125
0.04854 -0.02219
0.05558 -0.02304
0.06308 -0.02380
0.07101 -0.02446
0.07937 -0.02504
0.08816 -0.02552
0.09736 -0.02591
0.10697 -0.02622
0.11698 -0.02645
0.12737 -0.02659
0.13813 -0.02666
0.14926 -0.02665
0.16075 -0.02657
0.17257 -0.02643
0.18472 -0.02622
0.19720 -0.02594
0.20997 -0.02561
0.22304 -0.02523
0.23639 -0.02480
0.25000 -0.02432
0.26386 -0.02380
0.27797 -0.02325
0.29229 -0.02266
0.30683 -0.02205
0.32156 -0.02141
0.33647 -0.02076
0.35154 -0.02009
0.36676 -0.01941
0.38212 -0.01872
0.39760 -0.01802
0.41318 -0.01733
0.42884 -0.01664
0.44458 -0.01596
0.46038 -0.01529
0.47621 -0.01463
0.49207 -0.01398
0.50793 -0.01335
0.52379 -0.01274
0.53962 -0.01215
0.55542 -0.01158
0.57116 -0.01103
0.58682 -0.01050
0.60240 -0.01000
0.61788 -0.00953
0.63324 -0.00908
0.64846 -0.00865
0.66353 -0.00824
0.67844 -0.00786
0.69317 -0.00751
0.70771 -0.00717
0.72203 -0.00686
0.73614 -0.00656
0.75000 -0.00629
0.76361 -0.00603
0.77696 -0.00579
0.79003 -0.00556
0.80280 -0.00535
0.81528 -0.00515
0.82743 -0.00496
0.83925 -0.00479
0.85074 -0.00462
0.86187 -0.00447
0.87263 -0.00432
0.88302 -0.00418
0.89303 -0.00404
0.90264 -0.00391
0.91184 -0.00379
0.92063 -0.00367
0.92899 -0.00356
0.93692 -0.00345
0.94442 -0.00335
0.95146 -0.00325
0.95805 -0.00316
0.96418 -0.00308
0.96985 -0.00300
0.97504 -0.00292
0.97975 -0.00285
0.98397 -0.00279
0.98771 -0.00273
0.99096 -0.00268
0.99372 -0.00264
0.99598 -0.00260
0.99774 -0.00258
0.99899 -0.00256
0.99975 -0.00254
1.00000 -0.00254
