Profile28.txt
1.00000 0.01328
0.99975 0.01346
0.99899 0.01401
0.99774 0.01491
0.99598 0.01616
0.99372 0.01771
0.99096 0.01956
0.98771 0.02166
0.98397 0.02399
0.97975 0.02651
0.97504 0.02919
0.96985 0.03198
0.96418 0.03488
0.95805 0.03783
0.95146 0.04083
0.94442 0.04386
0.93692 0.04689
0.92899 0.04992
0.92063 0.05295
0.91184 0.05598
0.90264 0.05900
0.89303 0.06202
0.88302 0.06505
0.87263 0.06809
0.86187 0.07115
0.85074 0.07424
0.83925 0.07735
0.82743 0.08050
0.81528 0.08367
0.80280 0.08686
0.79003 0.09006
0.77696 0.09327
0.76361 0.09647
0.75000 0.09964
0.73614 0.10276
0.72203 0.10583
0.70771 0.10881
0.69317 0.11170
0.67844 0.11448
0.66353 0.11713
0.64846 0.11964
0.63324 0.12201
0.61788 0.12422
0.60240 0.12627
0.58682 0.12816
0.57116 0.12989
0.55542 0.13144
0.53962 0.13284
0.52379 0.13407
0.50793 0.13515
0.49207 0.13606
0.47621 0.13682
0.46038 0.13742
0.44458 0.13786
0.42884 0.13813
0.41318 0.13824
0.39760 0.13818
0.38212 0.13795
0.36676 0.13753
0.35154 0.13692
0.33647 0.13612
0.32156 0.13512
0.30683 0.13392
0.29229 0.13252
0.27797 0.13091
0.26386 0.12910
0.25000 0.12708
0.23639 0.12487
0.22304 0.12247
0.20997 0.11988
0.19720 0.11712
0.18472 0.11418
0.17257 0.11108
0.16075 0.10784
0.14926 0.10444
0.13813 0.10092
0.12737 0.09727
0.11698 0.09349
0.10697 0.08961
0.09736 0.08562
0.08816 0.08153
0.07937 0.07735
0.07101 0.07309
0.06308 0.06875
0.05558 0.06434
0.04854 0.05988
0.04195 0.05537
0.03582 0.05084
0.03015 0.04629
0.02496 0.04174
0.02025 0.03721
0.01603 0.03271
0.01229 0.02827
0.00904 0.02390
0.00628 0.01962
0.00402 0.01544
0.00226 0.01138
0.00101 0.00744
0.00025 0.00365
0.00000 0.00000
0.00025 -0.00264
0.00101 -0.00513
0.00226 -0.00747
0.00402 -0.00967
0.00628 -0.01173
0.00904 -0.01364
0.01229 -0.01541
0.01603 -0.01704
0.02025 -0.01853
0.02496 -0.01987
0.03015 -0.02108
0.03582 -0.02214
0.04195 -0.02308
0.04854 -0.02388
0.05558 -0.02455
0.06308 -0.02510
0.07101 -0.02553
0.07937 -0.02584
0.08816 -0.02604
0.09736 -0.02612
0.10697 -0.02611
0.11698 -0.02600
0.12737 -0.02580
0.13813 -0.02551
0.14926 -0.02515
0.16075 -0.02471
0.17257 -0.02422
0.18472 -0.02366
0.19720 -0.02306
0.20997 -0.02242
0.22304 -0.02174
0.23639 -0.02104
0.25000 -0.02032
0.26386 -0.01959
0.27797 -0.01886
0.29229 -0.01813
0.30683 -0.01742
0.32156 -0.01672
0.33647 -0.01605
0.35154 -0.01541
0.36676 -0.01480
0.38212 -0.01424
0.39760 -0.01372
0.41318 -0.01324
0.42884 -0.01282
0.44458 -0.01246
0.46038 -0.01215
0.47621 -0.01189
0.49207 -0.01169
0.50793 -0.01155
0.52379 -0.01147
0.53962 -0.01144
0.55542 -0.01146
0.57116 -0.01153
0.58682 -0.01164
0.60240 -0.01180
0.61788 -0.01200
0.63324 -0.01223
0.64846 -0.01249
0.66353 -0.01277
0.67844 -0.01308
0.69317 -0.01339
0.70771 -0.01372
0.72203 -0.01405
0.73614 -0.01438
0.75000 -0.01470
0.76361 -0.01501
0.77696 -0.01531
0.79003 -0.01559
0.80280 -0.01584
0.81528 -0.01608
0.82743 -0.01628
0.83925 -0.01646
0.85074 -0.01660
0.86187 -0.01672
0.87263 -0.01680
0.88302 -0.01685
0.89303 -0.01686
0.90264 -0.01685
0.91184 -0.01681
0.92063 -0.01675
0.92899 -0.01665
0.93692 -0.01654
0.94442 -0.01641
0.95146 -0.01627
0.95805 -0.01611
0.96418 -0.01595
0.96985 -0.01578
0.97504 -0.01561
0.97975 -0.01545
0.98397 -0.01529
0.98771 -0.01514
0.99096 -0.01501
0.99372 -0.01489
0.99598 -0.01479
0.99774 -0.01471
0.99899 -0.01465
0.99975 -0.01462
1.00000 -0.01460
