Profile14.txt
1.00000 0.00343
0.99975 0.00349
0.99899 0.00367
0.99774 0.00397
0.99598 0.00439
0.99372 0.00492
0.99096 0.00556
0.98771 0.00631
0.98397 0.00717
0.97975 0.00812
0.97504 0.00917
0.96985 0.01030
0.96418 0.01152
0.95805 0.01281
0.95146 0.01416
0.94442 0.01558
0.93692 0.01705
0.92899 0.01856
0.92063 0.02012
0.91184 0.02171
0.90264 0.02333
0.89303 0.02498
0.88302 0.02665
0.87263 0.02834
0.86187 0.03005
0.85074 0.03178
0.83925 0.03354
0.82743 0.03531
0.81528 0.03710
0.80280 0.03892
0.79003 0.04076
0.77696 0.04262
0.76361 0.04449
0.75000 0.04639
0.73614 0.04829
0.72203 0.05019
0.70771 0.05210
0.69317 0.05398
0.67844 0.05585
0.66353 0.05768
0.64846 0.05946
0.63324 0.06118
0.61788 0.06282
0.60240 0.06439
0.58682 0.06585
0.57116 0.06721
0.55542 0.06845
0.53962 0.06957
0.52379 0.07057
0.50793 0.07144
0.49207 0.07218
0.47621 0.07279
0.46038 0.07328
0.44458 0.07365
0.42884 0.07390
0.41318 0.07405
0.39760 0.07409
0.38212 0.07404
0.36676 0.07390
0.35154 0.07368
0.33647 0.07337
0.32156 0.07297
0.30683 0.07250
0.29229 0.07194
0.27797 0.07130
0.26386 0.07056
0.25000 0.06973
0.23639 0.06880
0.22304 0.06776
0.20997 0.06661
0.19720 0.06535
0.18472 0.06397
0.17257 0.06248
0.16075 0.06087
0.14926 0.05914
0.13813 0.05731
0.12737 0.05539
0.11698 0.05337
0.10697 0.05127
0.09736 0.04911
0.08816 0.04689
0.07937 0.04463
0.07101 0.04233
0.06308 0.04002
0.05558 0.03768
0.04854 0.03534
0.04195 0.03299
0.03582 0.03064
0.03015 0.02829
0.02496 0.02592
0.02025 0.02354
0.01603 0.02114
0.01229 0.01871
0.00904 0.01623
0.00628 0.01371
0.00402 0.01112
0.00226 0.00846
0.00101 0.00572
0.00025 0.00291
0.00000 0.00000
0.00025 -0.00308
0.00101 -0.00583
0.00226 -0.00827
0.00402 -0.01038
0.00628 -0.01219
0.00904 -0.01369
0.01229 -0.01490
0.01603 -0.01583
0.02025 -0.01649
0.02496 -0.01690
0.03015 -0.01707
0.03582 -0.01701
0.04195 -0.01675
0.04854 -0.01630
0.05558 -0.01568
0.06308 -0.01492
0.07101 -0.01402
0.07937 -0.01301
0.08816 -0.01191
0.09736 -0.01073
0.10697 -0.00949
0.11698 -0.00822
0.12737 -0.00692
0.13813 -0.00562
0.14926 -0.00432
0.16075 -0.00304
0.17257 -0.00179
0.18472 -0.00058
0.19720 0.00058
0.20997 0.00168
0.22304 0.00271
0.23639 0.00367
0.25000 0.00456
0.26386 0.00537
0.27797 0.00611
0.29229 0.00676
0.30683 0.00734
0.32156 0.00784
0.33647 0.00827
0.35154 0.00863
0.36676 0.00892
0.38212 0.00915
0.39760 0.00932
0.41318 0.00944
0.42884 0.00952
0.44458 0.00955
0.46038 0.00954
0.47621 0.00951
0.49207 0.00944
0.50793 0.00935
0.52379 0.00924
0.53962 0.00912
0.55542 0.00898
0.57116 0.00883
0.58682 0.00868
0.60240 0.00851
0.61788 0.00834
0.63324 0.00816
0.64846 0.00797
0.66353 0.00777
0.67844 0.00757
0.69317 0.00735
0.70771 0.00712
0.72203 0.00688
0.73614 0.00662
0.75000 0.00635
0.76361 0.00605
0.77696 0.00573
0.79003 0.00539
0.80280 0.00502
0.81528 0.00462
0.82743 0.00420
0.83925 0.00375
0.85074 0.00328
0.86187 0.00277
0.87263 0.00225
0.88302 0.00169
0.89303 0.00112
0.90264 0.00053
0.91184 -0.00008
0.92063 -0.00070
0.92899 -0.00132
0.93692 -0.00195
0.94442 -0.00258
0.95146 -0.00320
0.95805 -0.00381
0.96418 -0.00440
0.96985 -0.00496
0.97504 -0.00550
0.97975 -0.00601
0.98397 -0.00648
0.98771 -0.00690
0.99096 -0.00728
0.99372 -0.00761
0.99598 -0.00788
0.99774 -0.00809
0.99899 -0.00825
0.99975 -0.00834
1.00000 -0.00837
