Profile24.txt
1.00000 0.00047
0.99975 0.00058
0.99899 0.00091
0.99774 0.00145
0.99598 0.00219
0.99372 0.00312
0.99096 0.00423
0.98771 0.00550
0.98397 0.00692
0.97975 0.00847
0.97504 0.01014
0.96985 0.01190
0.96418 0.01375
0.95805 0.01566
0.95146 0.01765
0.94442 0.01968
0.93692 0.02177
0.92899 0.02391
0.92063 0.02609
0.91184 0.02833
0.90264 0.03062
0.89303 0.03296
0.88302 0.03537
0.87263 0.03785
0.86187 0.04040
0.85074 0.04301
0.83925 0.04569
0.82743 0.04844
0.81528 0.05125
0.80280 0.05411
0.79003 0.05702
0.77696 0.05994
0.76361 0.06288
0.75000 0.06581
0.73614 0.06871
0.72203 0.07157
0.70771 0.07436
0.69317 0.07706
0.67844 0.07967
0.66353 0.08216
0.64846 0.08451
0.63324 0.08673
0.61788 0.08879
0.60240 0.09070
0.58682 0.09244
0.57116 0.09403
0.55542 0.09546
0.53962 0.09674
0.52379 0.09787
0.50793 0.09886
0.49207 0.09971
0.47621 0.10044
0.46038 0.10105
0.44458 0.10154
0.42884 0.10192
0.41318 0.10219
0.39760 0.10235
0.38212 0.10241
0.36676 0.10234
0.35154 0.10216
0.33647 0.10186
0.32156 0.10142
0.30683 0.10084
0.29229 0.10010
0.27797 0.09920
0.26386 0.09814
0.25000 0.09689
0.23639 0.09546
0.22304 0.09384
0.20997 0.09203
0.19720 0.09002
0.18472 0.08781
0.17257 0.08542
0.16075 0.08284
0.14926 0.08009
0.13813 0.07717
0.12737 0.07411
0.11698 0.07090
0.10697 0.06757
0.09736 0.06414
0.08816 0.06062
0.07937 0.05704
0.07101 0.05341
0.06308 0.04974
0.05558 0.04607
0.04854 0.04241
0.04195 0.03877
0.03582 0.03517
0.03015 0.03163
0.02496 0.02817
0.02025 0.02479
0.01603 0.02151
0.01229 0.01835
0.00904 0.01531
0.00628 0.01239
0.00402 0.00962
0.00226 0.00699
0.00101 0.00450
0.00025 0.00217
0.00000 0.00000
0.00025 -0.00243
0.00101 -0.00463
0.00226 -0.00662
0.00402 -0.00839
0.00628 -0.00995
0.00904 -0.01130
0.01229 -0.01244
0.01603 -0.01338
0.02025 -0.01412
0.02496 -0.01467
0.03015 -0.01504
0.03582 -0.01523
0.04195 -0.01525
0.04854 -0.01510
0.05558 -0.01480
0.06308 -0.01436
0.07101 -0.01379
0.07937 -0.01309
0.08816 -0.01227
0.09736 -0.01135
0.10697 -0.01034
0.11698 -0.00924
0.12737 -0.00807
0.13813 -0.00684
0.14926 -0.00556
0.16075 -0.00423
0.17257 -0.00287
0.18472 -0.00149
0.19720 -0.00010
0.20997 0.00130
0.22304 0.00269
0.23639 0.00406
0.25000 0.00542
0.26386 0.00674
0.27797 0.00803
0.29229 0.00927
0.30683 0.01046
0.32156 0.01159
0.33647 0.01266
0.35154 0.01367
0.36676 0.01461
0.38212 0.01547
0.39760 0.01625
0.41318 0.01696
0.42884 0.01759
0.44458 0.01813
0.46038 0.01859
0.47621 0.01897
0.49207 0.01926
0.50793 0.01947
0.52379 0.01959
0.53962 0.01964
0.55542 0.01961
0.57116 0.01950
0.58682 0.01931
0.60240 0.01905
0.61788 0.01873
0.63324 0.01834
0.64846 0.01788
0.66353 0.01737
0.67844 0.01681
0.69317 0.01619
0.70771 0.01552
0.72203 0.01482
0.73614 0.01408
0.75000 0.01330
0.76361 0.01249
0.77696 0.01166
0.79003 0.01080
0.80280 0.00993
0.81528 0.00905
0.82743 0.00816
0.83925 0.00727
0.85074 0.00637
0.86187 0.00548
0.87263 0.00460
0.88302 0.00372
0.89303 0.00286
0.90264 0.00202
0.91184 0.00120
0.92063 0.00041
0.92899 -0.00036
0.93692 -0.00110
0.94442 -0.00181
0.95146 -0.00248
0.95805 -0.00312
0.96418 -0.00372
0.96985 -0.00427
0.97504 -0.00479
0.97975 -0.00526
0.98397 -0.00568
0.98771 -0.00606
0.99096 -0.00639
0.99372 -0.00667
0.99598 -0.00690
0.99774 -0.00708
0.99899 -0.00721
0.99975 -0.00729
1.00000 -0.00731
