Profile3.txt
1.00000 0.00335
0.99975 0.00340
0.99899 0.00355
0.99774 0.00381
0.99598 0.00417
0.99372 0.00464
0.99096 0.00521
0.98771 0.00589
0.98397 0.00668
0.97975 0.00757
0.97504 0.00857
0.96985 0.00967
0.96418 0.01087
0.95805 0.01216
0.95146 0.01355
0.94442 0.01502
0.93692 0.01657
0.92899 0.01819
0.92063 0.01987
0.91184 0.02161
0.90264 0.02339
0.89303 0.02521
0.88302 0.02705
0.87263 0.02891
0.86187 0.03079
0.85074 0.03266
0.83925 0.03454
0.82743 0.03641
0.81528 0.03827
0.80280 0.04011
0.79003 0.04194
0.77696 0.04375
0.76361 0.04554
0.75000 0.04731
0.73614 0.04906
0.72203 0.05079
0.70771 0.05249
0.69317 0.05416
0.67844 0.05581
0.66353 0.05742
0.64846 0.05899
0.63324 0.06052
0.61788 0.06201
0.60240 0.06343
0.58682 0.06479
0.57116 0.06609
0.55542 0.06730
0.53962 0.06842
0.52379 0.06945
0.50793 0.07038
0.49207 0.07120
0.47621 0.07191
0.46038 0.07250
0.44458 0.07297
0.42884 0.07331
0.41318 0.07353
0.39760 0.07363
0.38212 0.07360
0.36676 0.07346
0.35154 0.07319
0.33647 0.07280
0.32156 0.07230
0.30683 0.07169
0.29229 0.07098
0.27797 0.07016
0.26386 0.06923
0.25000 0.06821
0.23639 0.06708
0.22304 0.06586
0.20997 0.06455
0.19720 0.06314
0.18472 0.06163
0.17257 0.06004
0.16075 0.05834
0.14926 0.05656
0.13813 0.05469
0.12737 0.05274
0.11698 0.05070
0.10697 0.04858
0.09736 0.04638
0.08816 0.04412
0.07937 0.04180
0.07101 0.03942
0.06308 0.03700
0.05558 0.03454
0.04854 0.03206
0.04195 0.02955
0.03582 0.02705
0.03015 0.02455
0.02496 0.02206
0.02025 0.01960
0.01603 0.01718
0.01229 0.01480
0.00904 0.01247
0.00628 0.01021
0.00402 0.00801
0.00226 0.00589
0.00101 0.00384
0.00025 0.00188
0.00000 0.00000
0.00025 -0.00305
0.00101 -0.00585
0.00226 -0.00841
0.00402 -0.01072
0.00628 -0.01279
0.00904 -0.01463
0.01229 -0.01624
0.01603 -0.01762
0.02025 -0.01879
0.02496 -0.01974
0.03015 -0.02049
0.03582 -0.02105
0.04195 -0.02143
0.04854 -0.02163
0.05558 -0.02167
0.06308 -0.02156
0.07101 -0.02130
0.07937 -0.02092
0.08816 -0.02043
0.09736 -0.01982
0.10697 -0.01912
0.11698 -0.01834
0.12737 -0.01748
0.13813 -0.01657
0.14926 -0.01560
0.16075 -0.01459
0.17257 -0.01355
0.18472 -0.01248
0.19720 -0.01140
0.20997 -0.01031
0.22304 -0.00922
0.23639 -0.00814
0.25000 -0.00707
0.26386 -0.00602
0.27797 -0.00500
0.29229 -0.00400
0.30683 -0.00303
0.32156 -0.00209
0.33647 -0.00120
0.35154 -0.00034
0.36676 0.00047
0.38212 0.00124
0.39760 0.00197
0.41318 0.00265
0.42884 0.00328
0.44458 0.00387
0.46038 0.00441
0.47621 0.00491
0.49207 0.00536
0.50793 0.00576
0.52379 0.00611
0.53962 0.00642
0.55542 0.00669
0.57116 0.00690
0.58682 0.00708
0.60240 0.00721
0.61788 0.00729
0.63324 0.00733
0.64846 0.00733
0.66353 0.00728
0.67844 0.00719
0.69317 0.00706
0.70771 0.00689
0.72203 0.00668
0.73614 0.00643
0.75000 0.00613
0.76361 0.00581
0.77696 0.00544
0.79003 0.00504
0.80280 0.00461
0.81528 0.00414
0.82743 0.00365
0.83925 0.00312
0.85074 0.00258
0.86187 0.00201
0.87263 0.00142
0.88302 0.00081
0.89303 0.00020
0.90264 -0.00043
0.91184 -0.00106
0.92063 -0.00169
0.92899 -0.00232
0.93692 -0.00294
0.94442 -0.00355
0.95146 -0.00414
0.95805 -0.00472
0.96418 -0.00527
0.96985 -0.00580
0.97504 -0.00629
0.97975 -0.00675
0.98397 -0.00717
0.98771 -0.00755
0.99096 -0.00788
0.99372 -0.00817
0.99598 -0.00841
0.99774 -0.00860
0.99899 -0.00873
0.99975 -0.00881
1.00000 -0.00884
