Profile23.txt
1.00000 0.00151
0.99975 0.00161
0.99899 0.00192
0.99774 0.00243
0.99598 0.00313
0.99372 0.00401
0.99096 0.00507
0.98771 0.00629
0.98397 0.00765
0.97975 0.00914
0.97504 0.01074
0.96985 0.01244
0.96418 0.01423
0.95805 0.01610
0.95146 0.01803
0.94442 0.02002
0.93692 0.02205
0.92899 0.02413
0.92063 0.02626
0.91184 0.02842
0.90264 0.03063
0.89303 0.03288
0.88302 0.03518
0.87263 0.03752
0.86187 0.03992
0.85074 0.04235
0.83925 0.04484
0.82743 0.04737
0.81528 0.04994
0.80280 0.05255
0.79003 0.05518
0.77696 0.05783
0.76361 0.06048
0.75000 0.06313
0.73614 0.06575
0.72203 0.06834
0.70771 0.07087
0.69317 0.07334
0.67844 0.07573
0.66353 0.07802
0.64846 0.08020
0.63324 0.08227
0.61788 0.08421
0.60240 0.08601
0.58682 0.08768
0.57116 0.08919
0.55542 0.09056
0.53962 0.09178
0.52379 0.09286
0.50793 0.09378
0.49207 0.09457
0.47621 0.09521
0.46038 0.09572
0.44458 0.09609
0.42884 0.09633
0.41318 0.09645
0.39760 0.09644
0.38212 0.09631
0.36676 0.09605
0.35154 0.09568
0.33647 0.09518
0.32156 0.09456
0.30683 0.09380
0.29229 0.09292
0.27797 0.09191
0.26386 0.09076
0.25000 0.08946
0.23639 0.08803
0.22304 0.08644
0.20997 0.08470
0.19720 0.08280
0.18472 0.08075
0.17257 0.07853
0.16075 0.07616
0.14926 0.07362
0.13813 0.07093
0.12737 0.06809
0.11698 0.06511
0.10697 0.06199
0.09736 0.05874
0.08816 0.05538
0.07937 0.05192
0.07101 0.04839
0.06308 0.04479
0.05558 0.04115
0.04854 0.03751
0.04195 0.03387
0.03582 0.03027
0.03015 0.02675
0.02496 0.02331
0.02025 0.02001
0.01603 0.01685
0.01229 0.01388
0.00904 0.01112
0.00628 0.00858
0.00402 0.00630
0.00226 0.00429
0.00101 0.00256
0.00025 0.00113
0.00000 0.00000
0.00025 -0.00284
0.00101 -0.00544
0.00226 -0.00778
0.00402 -0.00988
0.00628 -0.01173
0.00904 -0.01334
0.01229 -0.01472
0.01603 -0.01587
0.02025 -0.01679
0.02496 -0.01750
0.03015 -0.01799
0.03582 -0.01829
0.04195 -0.01839
0.04854 -0.01832
0.05558 -0.01807
0.06308 -0.01766
0.07101 -0.01710
0.07937 -0.01641
0.08816 -0.01558
0.09736 -0.01464
0.10697 -0.01360
0.11698 -0.01247
0.12737 -0.01126
0.13813 -0.00997
0.14926 -0.00863
0.16075 -0.00725
0.17257 -0.00583
0.18472 -0.00439
0.19720 -0.00293
0.20997 -0.00146
0.22304 -0.00000
0.23639 0.00144
0.25000 0.00287
0.26386 0.00426
0.27797 0.00562
0.29229 0.00694
0.30683 0.00820
0.32156 0.00942
0.33647 0.01057
0.35154 0.01166
0.36676 0.01269
0.38212 0.01364
0.39760 0.01452
0.41318 0.01533
0.42884 0.01605
0.44458 0.01670
0.46038 0.01727
0.47621 0.01777
0.49207 0.01818
0.50793 0.01851
0.52379 0.01877
0.53962 0.01894
0.55542 0.01905
0.57116 0.01907
0.58682 0.01903
0.60240 0.01892
0.61788 0.01873
0.63324 0.01849
0.64846 0.01818
0.66353 0.01781
0.67844 0.01738
0.69317 0.01690
0.70771 0.01637
0.72203 0.01579
0.73614 0.01517
0.75000 0.01451
0.76361 0.01381
0.77696 0.01308
0.79003 0.01232
0.80280 0.01154
0.81528 0.01073
0.82743 0.00990
0.83925 0.00906
0.85074 0.00821
0.86187 0.00736
0.87263 0.00650
0.88302 0.00564
0.89303 0.00479
0.90264 0.00395
0.91184 0.00312
0.92063 0.00231
0.92899 0.00151
0.93692 0.00074
0.94442 0.00000
0.95146 -0.00071
0.95805 -0.00139
0.96418 -0.00203
0.96985 -0.00263
0.97504 -0.00319
0.97975 -0.00370
0.98397 -0.00417
0.98771 -0.00458
0.99096 -0.00495
0.99372 -0.00526
0.99598 -0.00552
0.99774 -0.00572
0.99899 -0.00586
0.99975 -0.00595
1.00000 -0.00598
