Profile21.txt
1.00000 0.00059
0.99975 0.00070
0.99899 0.00102
0.99774 0.00155
0.99598 0.00227
0.99372 0.00318
0.99096 0.00426
0.98771 0.00549
0.98397 0.00686
0.97975 0.00834
0.97504 0.00991
0.96985 0.01156
0.96418 0.01328
0.95805 0.01505
0.95146 0.01686
0.94442 0.01870
0.93692 0.02057
0.92899 0.02247
0.92063 0.02440
0.91184 0.02636
0.90264 0.02835
0.89303 0.03038
0.88302 0.03246
0.87263 0.03459
0.86187 0.03676
0.85074 0.03900
0.83925 0.04128
0.82743 0.04362
0.81528 0.04601
0.80280 0.04843
0.79003 0.05088
0.77696 0.05334
0.76361 0.05581
0.75000 0.05827
0.73614 0.06071
0.72203 0.06310
0.70771 0.06543
0.69317 0.06770
0.67844 0.06988
0.66353 0.07198
0.64846 0.07397
0.63324 0.07585
0.61788 0.07761
0.60240 0.07926
0.58682 0.08079
0.57116 0.08220
0.55542 0.08348
0.53962 0.08464
0.52379 0.08568
0.50793 0.08660
0.49207 0.08739
0.47621 0.08806
0.46038 0.08860
0.44458 0.08902
0.42884 0.08930
0.41318 0.08945
0.39760 0.08946
0.38212 0.08932
0.36676 0.08905
0.35154 0.08863
0.33647 0.08806
0.32156 0.08734
0.30683 0.08648
0.29229 0.08547
0.27797 0.08432
0.26386 0.08304
0.25000 0.08163
0.23639 0.08010
0.22304 0.07844
0.20997 0.07668
0.19720 0.07481
0.18472 0.07284
0.17257 0.07077
0.16075 0.06861
0.14926 0.06636
0.13813 0.06401
0.12737 0.06157
0.11698 0.05904
0.10697 0.05642
0.09736 0.05371
0.08816 0.05090
0.07937 0.04800
0.07101 0.04502
0.06308 0.04196
0.05558 0.03884
0.04854 0.03567
0.04195 0.03246
0.03582 0.02925
0.03015 0.02605
0.02496 0.02288
0.02025 0.01979
0.01603 0.01680
0.01229 0.01395
0.00904 0.01125
0.00628 0.00875
0.00402 0.00648
0.00226 0.00445
0.00101 0.00268
0.00025 0.00120
0.00000 0.00000
0.00025 -0.00270
0.00101 -0.00517
0.00226 -0.00740
0.00402 -0.00941
0.00628 -0.01119
0.00904 -0.01274
0.01229 -0.01408
0.01603 -0.01520
0.02025 -0.01611
0.02496 -0.01682
0.03015 -0.01734
0.03582 -0.01767
0.04195 -0.01782
0.04854 -0.01781
0.05558 -0.01763
0.06308 -0.01731
0.07101 -0.01686
0.07937 -0.01627
0.08816 -0.01557
0.09736 -0.01476
0.10697 -0.01386
0.11698 -0.01287
0.12737 -0.01181
0.13813 -0.01069
0.14926 -0.00952
0.16075 -0.00830
0.17257 -0.00705
0.18472 -0.00577
0.19720 -0.00448
0.20997 -0.00319
0.22304 -0.00190
0.23639 -0.00061
0.25000 0.00065
0.26386 0.00190
0.27797 0.00311
0.29229 0.00429
0.30683 0.00543
0.32156 0.00652
0.33647 0.00757
0.35154 0.00856
0.36676 0.00950
0.38212 0.01038
0.39760 0.01120
0.41318 0.01195
0.42884 0.01265
0.44458 0.01327
0.46038 0.01383
0.47621 0.01433
0.49207 0.01476
0.50793 0.01512
0.52379 0.01541
0.53962 0.01563
0.55542 0.01579
0.57116 0.01589
0.58682 0.01592
0.60240 0.01589
0.61788 0.01579
0.63324 0.01564
0.64846 0.01542
0.66353 0.01515
0.67844 0.01482
0.69317 0.01444
0.70771 0.01401
0.72203 0.01353
0.73614 0.01300
0.75000 0.01243
0.76361 0.01181
0.77696 0.01116
0.79003 0.01047
0.80280 0.00975
0.81528 0.00900
0.82743 0.00823
0.83925 0.00743
0.85074 0.00661
0.86187 0.00578
0.87263 0.00494
0.88302 0.00409
0.89303 0.00324
0.90264 0.00239
0.91184 0.00154
0.92063 0.00071
0.92899 -0.00011
0.93692 -0.00091
0.94442 -0.00168
0.95146 -0.00243
0.95805 -0.00315
0.96418 -0.00383
0.96985 -0.00448
0.97504 -0.00508
0.97975 -0.00563
0.98397 -0.00614
0.98771 -0.00659
0.99096 -0.00699
0.99372 -0.00733
0.99598 -0.00761
0.99774 -0.00783
0.99899 -0.00799
0.99975 -0.00809
1.00000 -0.00812
